propdump version 4
1 1161804446 400 -20400 400 900 0 0 0 15 0 17 0 mz-b01-b-rail1ecreate name MazeW
1 1161804446 800 -20400 0 0 0 0 0 15 0 17 0 mz-b01-b-rail1ecreate name MazeW
1 1161804446 400 -20400 1200 900 0 0 0 15 0 17 0 mz-b01-b-rail1ecreate name MazeW
1 1161804446 400 -20400 2000 900 0 0 0 15 0 17 0 mz-b01-b-rail1ecreate name MazeW
1 1161804446 400 -20400 2800 900 0 0 0 15 0 17 0 mz-b01-b-rail1ecreate name MazeW
1 1161804446 400 -20400 3600 900 0 0 0 15 0 17 0 mz-b01-b-rail1ecreate name MazeW
1 1161804449 800 -20400 3200 0 0 0 0 15 0 17 0 mz-b01-b-rail1ecreate name MazeW
1 1161804446 400 -20400 4400 900 0 0 0 15 0 17 0 mz-b01-b-rail1ecreate name MazeW
1 1161804451 800 -20400 5600 0 0 0 0 15 0 17 0 mz-b01-b-rail1ecreate name MazeW
1 1161804446 400 -20400 5200 900 0 0 0 15 0 17 0 mz-b01-b-rail1ecreate name MazeW
1 1161804446 400 -20400 6800 900 0 0 0 15 0 17 0 mz-b01-b-rail1ecreate name MazeW
1 1161804446 400 -20400 6000 900 0 0 0 15 0 17 0 mz-b01-b-rail1ecreate name MazeW
1 1161804446 400 -20400 7600 900 0 0 0 15 0 17 0 mz-b01-b-rail1ecreate name MazeW
1 1161804451 800 -20400 7200 0 0 0 0 15 0 17 0 mz-b01-b-rail1ecreate name MazeW
1 1161804446 0 -20400 8000 0 0 0 0 15 0 17 0 mz-b01-b-rail1ecreate name MazeW
1 1161804447 800 -20400 8800 0 0 0 0 15 0 17 0 mz-b01-b-rail1ecreate name MazeW
1 1161804446 0 -20400 8800 0 0 0 0 15 0 17 0 mz-b01-b-rail1ecreate name MazeW
1 1161804452 800 -20400 8000 0 0 0 0 15 0 17 0 mz-b01-b-rail1ecreate name MazeW
1 1161555421 140 -20400 9535 1800 0 0 0 19 0 0 0 mz-b01-b-streetlamp
1 1161556125 625 -20400 -1275 0 0 0 0 19 0 0 0 mz-b01-b-streetlamp
1 1161804446 800 -20400 -800 0 0 0 0 15 0 17 0 mz-b01-b-rail1ecreate name MazeW
1 1161804446 0 -20400 -800 0 0 0 0 15 0 17 0 mz-b01-b-rail1ecreate name MazeW
1 1161804448 1600 -20400 800 0 0 0 0 15 0 17 0 mz-b01-b-rail1ecreate name MazeW
1 1161804447 1600 -20400 0 0 0 0 0 15 0 17 0 mz-b01-b-rail1ecreate name MazeW
1 1161804448 1600 -20400 1600 0 0 0 0 15 0 17 0 mz-b01-b-rail1ecreate name MazeW
1 1161804449 1200 -20400 2000 900 0 0 0 15 0 17 0 mz-b01-b-rail1ecreate name MazeW
1 1161804450 1600 -20400 4000 0 0 0 0 15 0 17 0 mz-b01-b-rail1ecreate name MazeW
1 1161804450 1200 -20400 4400 900 0 0 0 15 0 17 0 mz-b01-b-rail1ecreate name MazeW
1 1161804451 1600 -20400 5600 0 0 0 0 15 0 17 0 mz-b01-b-rail1ecreate name MazeW
1 1161804451 1600 -20400 6400 0 0 0 0 15 0 17 0 mz-b01-b-rail1ecreate name MazeW
1 1161804452 1200 -20400 7600 900 0 0 0 15 0 17 0 mz-b01-b-rail1ecreate name MazeW
1 1161804447 1600 -20400 8800 0 0 0 0 15 0 17 0 mz-b01-b-rail1ecreate name MazeW
1 1161804452 1600 -20400 8000 0 0 0 0 15 0 17 0 mz-b01-b-rail1ecreate name MazeW
1 1161555299 1050 -20400 9650 1800 0 0 0 14 0 0 0 mz-b01-p-palm1
1 1161555424 1940 -20400 9535 1800 0 0 0 19 0 0 0 mz-b01-b-streetlamp
1 1161556124 1925 -20400 -1275 0 0 0 0 19 0 0 0 mz-b01-b-streetlamp
1 1161556125 1225 -20400 -1425 0 0 0 0 14 0 0 0 mz-b01-p-palm1
1 1161804447 1600 -20400 -800 0 0 0 0 15 0 17 0 mz-b01-b-rail1ecreate name MazeW
1 1161804447 2400 -20400 0 0 0 0 0 15 0 17 0 mz-b01-b-rail1ecreate name MazeW
1 1161804448 2400 -20400 800 0 0 0 0 15 0 17 0 mz-b01-b-rail1ecreate name MazeW
1 1161804448 2800 -20400 1200 900 0 0 0 15 0 17 0 mz-b01-b-rail1ecreate name MazeW
1 1161804449 2000 -20400 2000 900 0 0 0 15 0 17 0 mz-b01-b-rail1ecreate name MazeW
1 1161804449 2800 -20400 2800 900 0 0 0 15 0 17 0 mz-b01-b-rail1ecreate name MazeW
1 1161804449 2000 -20400 2800 900 0 0 0 15 0 17 0 mz-b01-b-rail1ecreate name MazeW
1 1161804449 2800 -20400 2000 900 0 0 0 15 0 17 0 mz-b01-b-rail1ecreate name MazeW
1 1161804450 2000 -20400 3600 900 0 0 0 15 0 17 0 mz-b01-b-rail1ecreate name MazeW
1 1161804450 2000 -20400 4400 900 0 0 0 15 0 17 0 mz-b01-b-rail1ecreate name MazeW
1 1161804450 2400 -20400 4000 0 0 0 0 15 0 17 0 mz-b01-b-rail1ecreate name MazeW
1 1161804451 2400 -20400 5600 0 0 0 0 15 0 17 0 mz-b01-b-rail1ecreate name MazeW
1 1161804450 2000 -20400 5200 900 0 0 0 15 0 17 0 mz-b01-b-rail1ecreate name MazeW
1 1161804451 2800 -20400 6000 900 0 0 0 15 0 17 0 mz-b01-b-rail1ecreate name MazeW
1 1161804451 2000 -20400 6800 900 0 0 0 15 0 17 0 mz-b01-b-rail1ecreate name MazeW
1 1161804451 2400 -20400 7200 0 0 0 0 15 0 17 0 mz-b01-b-rail1ecreate name MazeW
1 1161804447 2400 -20400 8800 0 0 0 0 15 0 17 0 mz-b01-b-rail1ecreate name MazeW
1 1161804452 2400 -20400 8000 0 0 0 0 15 0 17 0 mz-b01-b-rail1ecreate name MazeW
1 1161555299 2800 -20400 9650 1800 0 0 0 14 0 0 0 mz-b01-p-palm1
1 1161556124 2525 -20400 -1425 0 0 0 0 14 0 0 0 mz-b01-p-palm1
1 1161804447 2400 -20400 -800 0 0 0 0 15 0 17 0 mz-b01-b-rail1ecreate name MazeW
1 1161804447 3200 -20400 0 0 0 0 0 15 0 17 0 mz-b01-b-rail1ecreate name MazeW
1 1161804448 3600 -20400 1200 900 0 0 0 15 0 17 0 mz-b01-b-rail1ecreate name MazeW
1 1161804449 3200 -20400 3200 0 0 0 0 15 0 17 0 mz-b01-b-rail1ecreate name MazeW
1 1161804450 3600 -20400 3600 900 0 0 0 15 0 17 0 mz-b01-b-rail1ecreate name MazeW
1 1161804450 3200 -20400 4800 0 0 0 0 15 0 17 0 mz-b01-b-rail1ecreate name MazeW
1 1161804450 3600 -20400 5200 900 0 0 0 15 0 17 0 mz-b01-b-rail1ecreate name MazeW
1 1161804451 3600 -20400 6000 900 0 0 0 15 0 17 0 mz-b01-b-rail1ecreate name MazeW
1 1161804452 3600 -20400 7600 900 0 0 0 15 0 17 0 mz-b01-b-rail1ecreate name MazeW
1 1161804451 3200 -20400 7200 0 0 0 0 15 0 17 0 mz-b01-b-rail1ecreate name MazeW
1 1161804447 3200 -20400 8800 0 0 0 0 15 0 17 0 mz-b01-b-rail1ecreate name MazeW
1 1161804452 3200 -20400 8000 0 0 0 0 15 0 17 0 mz-b01-b-rail1ecreate name MazeW
1 1161555428 3640 -20400 9535 1800 0 0 0 19 0 0 0 mz-b01-b-streetlamp
1 1161555737 3620 -20400 10319 1800 0 0 0 16 0 37 0 mz-b01-b-billbrdcreate picture mz-b01-bratzlogo02.jpg
1 1161657807 3475 -20400 -1875 0 0 0 0 16 0 75 0 mz-b01-b-billbrdcreate picture http://mion.activeworlds.com/objects/signs/b_sign_ahhspa.jpg
1 1161657804 3325 -20400 -1375 0 0 0 0 19 0 0 0 mz-b01-b-streetlamp
1 1161804447 3200 -20400 -800 0 0 0 0 15 0 17 0 mz-b01-b-rail1ecreate name MazeW
1 1161804448 4400 -20400 400 900 0 0 0 15 0 17 0 mz-b01-b-rail1ecreate name MazeW
1 1161804447 4800 -20400 0 0 0 0 0 15 0 17 0 mz-b01-b-rail1ecreate name MazeW
1 1161804447 4000 -20400 0 0 0 0 0 15 0 17 0 mz-b01-b-rail1ecreate name MazeW
1 1161804448 4800 -20400 1600 0 0 0 0 15 0 17 0 mz-b01-b-rail1ecreate name MazeW
1 1161804448 4000 -20400 1600 0 0 0 0 15 0 17 0 mz-b01-b-rail1ecreate name MazeW
1 1161804449 4400 -20400 2800 900 0 0 0 15 0 17 0 mz-b01-b-rail1ecreate name MazeW
1 1161804449 4000 -20400 2400 0 0 0 0 15 0 17 0 mz-b01-b-rail1ecreate name MazeW
1 1161804449 4800 -20400 3200 0 0 0 0 15 0 17 0 mz-b01-b-rail1ecreate name MazeW
1 1161804450 4400 -20400 3600 900 0 0 0 15 0 17 0 mz-b01-b-rail1ecreate name MazeW
1 1161804450 4000 -20400 4800 0 0 0 0 15 0 17 0 mz-b01-b-rail1ecreate name MazeW
1 1161804450 4000 -20400 4000 0 0 0 0 15 0 17 0 mz-b01-b-rail1ecreate name MazeW
1 1161804450 4800 -20400 4800 0 0 0 0 15 0 17 0 mz-b01-b-rail1ecreate name MazeW
1 1161804451 4800 -20400 5600 0 0 0 0 15 0 17 0 mz-b01-b-rail1ecreate name MazeW
1 1161804451 4400 -20400 6800 900 0 0 0 15 0 17 0 mz-b01-b-rail1ecreate name MazeW
1 1161804451 4000 -20400 6400 0 0 0 0 15 0 17 0 mz-b01-b-rail1ecreate name MazeW
1 1161804451 4400 -20400 6000 900 0 0 0 15 0 17 0 mz-b01-b-rail1ecreate name MazeW
1 1161804451 4800 -20400 7200 0 0 0 0 15 0 17 0 mz-b01-b-rail1ecreate name MazeW
1 1161804452 4800 -20400 8000 0 0 0 0 15 0 17 0 mz-b01-b-rail1ecreate name MazeW
1 1161804447 4800 -20400 8800 0 0 0 0 15 0 17 0 mz-b01-b-rail1ecreate name MazeW
1 1161804447 4000 -20400 8800 0 0 0 0 15 0 17 0 mz-b01-b-rail1ecreate name MazeW
1 1161804452 4000 -20400 8000 0 0 0 0 15 0 17 0 mz-b01-b-rail1ecreate name MazeW
1 1161555300 4450 -20400 9650 1800 0 0 0 14 0 0 0 mz-b01-p-palm1
1 1161364367 4000 -19050 9450 0 0 0 0 2 0 118 0 sbcreate visible off, media url=http://mion.activeworlds.com/objects/sounds/dogonloose60.mp3 fx=3d radius=250 loop=99999
1 1161701101 4840 -20850 10889 1800 0 0 0 12 0 0 0 buildblock20
1 1161701041 4190 -20850 -2611 0 0 0 0 12 0 0 0 buildblock20
1 1161556123 4025 -20400 -1425 0 0 0 0 14 0 0 0 mz-b01-p-palm1
1 1161556122 4925 -20400 -1275 0 0 0 0 19 0 0 0 mz-b01-b-streetlamp
1 1161804447 4000 -20400 -800 0 0 0 0 15 0 17 0 mz-b01-b-rail1ecreate name MazeW
1 1161804447 4800 -20400 -800 0 0 0 0 15 0 17 0 mz-b01-b-rail1ecreate name MazeW
1 1161804448 5200 -20400 400 900 0 0 0 15 0 17 0 mz-b01-b-rail1ecreate name MazeW
1 1161804448 5200 -20400 1200 900 0 0 0 15 0 17 0 mz-b01-b-rail1ecreate name MazeW
1 1161804449 5200 -20400 2000 900 0 0 0 15 0 17 0 mz-b01-b-rail1ecreate name MazeW
1 1161804449 5600 -20400 3200 0 0 0 0 15 0 17 0 mz-b01-b-rail1ecreate name MazeW
1 1161804450 5200 -20400 4400 900 0 0 0 15 0 17 0 mz-b01-b-rail1ecreate name MazeW
1 1161804450 5600 -20400 4000 0 0 0 0 15 0 17 0 mz-b01-b-rail1ecreate name MazeW
1 1161804451 5600 -20400 5600 0 0 0 0 15 0 17 0 mz-b01-b-rail1ecreate name MazeW
1 1161804451 5200 -20400 6800 900 0 0 0 15 0 17 0 mz-b01-b-rail1ecreate name MazeW
1 1161804452 5600 -20400 7200 0 0 0 0 15 0 17 0 mz-b01-b-rail1ecreate name MazeW
1 1161804447 5600 -20400 8800 0 0 0 0 15 0 17 0 mz-b01-b-rail1ecreate name MazeW
1 1161555298 5950 -20400 9650 1800 0 0 0 14 0 0 0 mz-b01-p-palm1
1 1161555431 5090 -20400 9535 1800 0 0 0 19 0 0 0 mz-b01-b-streetlamp
1 1161556122 5675 -20400 -1425 0 0 0 0 14 0 0 0 mz-b01-p-palm1
1 1161804447 5600 -20400 -800 0 0 0 0 15 0 17 0 mz-b01-b-rail1ecreate name MazeW
1 1161804447 6400 -20400 0 0 0 0 0 15 0 17 0 mz-b01-b-rail1ecreate name MazeW
1 1161804448 6800 -20400 1200 900 0 0 0 15 0 17 0 mz-b01-b-rail1ecreate name MazeW
1 1161804448 6000 -20400 1200 900 0 0 0 15 0 17 0 mz-b01-b-rail1ecreate name MazeW
1 1161804449 6800 -20400 2000 900 0 0 0 15 0 17 0 mz-b01-b-rail1ecreate name MazeW
1 1161804449 6000 -20400 2000 900 0 0 0 15 0 17 0 mz-b01-b-rail1ecreate name MazeW
1 1161804449 6000 -20400 2800 900 0 0 0 15 0 17 0 mz-b01-b-rail1ecreate name MazeW
1 1161804449 6400 -20400 3200 0 0 0 0 15 0 17 0 mz-b01-b-rail1ecreate name MazeW
1 1161804450 6400 -20400 4000 0 0 0 0 15 0 17 0 mz-b01-b-rail1ecreate name MazeW
1 1161804450 6800 -20400 4400 900 0 0 0 15 0 17 0 mz-b01-b-rail1ecreate name MazeW
1 1161804450 6800 -20400 5200 900 0 0 0 15 0 17 0 mz-b01-b-rail1ecreate name MazeW
1 1161804450 6000 -20400 5200 900 0 0 0 15 0 17 0 mz-b01-b-rail1ecreate name MazeW
1 1161804451 6800 -20400 6000 900 0 0 0 15 0 17 0 mz-b01-b-rail1ecreate name MazeW
1 1161804451 6800 -20400 6800 900 0 0 0 15 0 17 0 mz-b01-b-rail1ecreate name MazeW
1 1161804451 6000 -20400 6000 900 0 0 0 15 0 17 0 mz-b01-b-rail1ecreate name MazeW
1 1161804452 6000 -20400 7600 900 0 0 0 15 0 17 0 mz-b01-b-rail1ecreate name MazeW
1 1161804447 6400 -20400 8800 0 0 0 0 15 0 17 0 mz-b01-b-rail1ecreate name MazeW
1 1161804452 6400 -20400 8000 0 0 0 0 15 0 17 0 mz-b01-b-rail1ecreate name MazeW
1 1161555435 6990 -20400 9535 1800 0 0 0 19 0 0 0 mz-b01-b-streetlamp
1 1161556121 6675 -20400 -1275 0 0 0 0 19 0 0 0 mz-b01-b-streetlamp
1 1161804447 6400 -20400 -800 0 0 0 0 15 0 17 0 mz-b01-b-rail1ecreate name MazeW
1 1161804447 7200 -20400 0 0 0 0 0 15 0 17 0 mz-b01-b-rail1ecreate name MazeW
1 1161804448 7600 -20400 400 900 0 0 0 15 0 17 0 mz-b01-b-rail1ecreate name MazeW
1 1161804448 7200 -20400 1600 0 0 0 0 15 0 17 0 mz-b01-b-rail1ecreate name MazeW
1 1161804449 7200 -20400 2400 0 0 0 0 15 0 17 0 mz-b01-b-rail1ecreate name MazeW
1 1161804449 7200 -20400 3200 0 0 0 0 15 0 17 0 mz-b01-b-rail1ecreate name MazeW
1 1161804450 7600 -20400 4400 900 0 0 0 15 0 17 0 mz-b01-b-rail1ecreate name MazeW
1 1161804450 7200 -20400 4800 0 0 0 0 15 0 17 0 mz-b01-b-rail1ecreate name MazeW
1 1161804452 7200 -20400 7200 0 0 0 0 15 0 17 0 mz-b01-b-rail1ecreate name MazeW
1 1161804452 7200 -20400 8000 0 0 0 0 15 0 17 0 mz-b01-b-rail1ecreate name MazeW
1 1161804447 7200 -20400 8800 0 0 0 0 15 0 17 0 mz-b01-b-rail1ecreate name MazeW
1 1161555446 7550 -20400 9650 1800 0 0 0 14 0 0 0 mz-b01-p-palm1
1 1161556121 7425 -20400 -1425 0 0 0 0 14 0 0 0 mz-b01-p-palm1
1 1161804447 7200 -20400 -800 0 0 0 0 15 0 17 0 mz-b01-b-rail1ecreate name MazeW
1 1161804447 8000 -20400 0 0 0 0 0 15 0 17 0 mz-b01-b-rail1ecreate name MazeW
1 1161804448 8400 -20400 400 900 0 0 0 15 0 17 0 mz-b01-b-rail1ecreate name MazeW
1 1161804448 8400 -20400 1200 900 0 0 0 15 0 17 0 mz-b01-b-rail1ecreate name MazeW
1 1161804448 8000 -20400 1600 0 0 0 0 15 0 17 0 mz-b01-b-rail1ecreate name MazeW
1 1161804449 8400 -20400 2000 900 0 0 0 15 0 17 0 mz-b01-b-rail1ecreate name MazeW
1 1161804449 8400 -20400 2800 900 0 0 0 15 0 17 0 mz-b01-b-rail1ecreate name MazeW
1 1161804450 8400 -20400 3600 900 0 0 0 15 0 17 0 mz-b01-b-rail1ecreate name MazeW
1 1161804449 8000 -20400 3200 0 0 0 0 15 0 17 0 mz-b01-b-rail1ecreate name MazeW
1 1161804450 8400 -20400 4400 900 0 0 0 15 0 17 0 mz-b01-b-rail1ecreate name MazeW
1 1161804451 8000 -20400 5600 0 0 0 0 15 0 17 0 mz-b01-b-rail1ecreate name MazeW
1 1161804450 8400 -20400 5200 900 0 0 0 15 0 17 0 mz-b01-b-rail1ecreate name MazeW
1 1161804451 8000 -20400 6400 0 0 0 0 15 0 17 0 mz-b01-b-rail1ecreate name MazeW
1 1161804451 8400 -20400 6800 900 0 0 0 15 0 17 0 mz-b01-b-rail1ecreate name MazeW
1 1161804451 8400 -20400 6000 900 0 0 0 15 0 17 0 mz-b01-b-rail1ecreate name MazeW
1 1161804452 8400 -20400 7600 900 0 0 0 15 0 17 0 mz-b01-b-rail1ecreate name MazeW
1 1161804452 8000 -20400 8000 0 0 0 0 15 0 17 0 mz-b01-b-rail1ecreate name MazeW
1 1161804447 8800 -20400 8800 0 0 0 0 15 0 17 0 mz-b01-b-rail1ecreate name MazeW
1 1161804447 8000 -20400 8800 0 0 0 0 15 0 17 0 mz-b01-b-rail1ecreate name MazeW
1 1161804447 8800 -20400 8000 0 0 0 0 15 0 17 0 mz-b01-b-rail1ecreate name MazeW
1 1161522785 8815 -19630 8445 2700 0 0 0 19 0 0 0 mz-b01-b-mshoptop3f
1 1161804452 8800 -20400 8400 0 0 0 0 20 0 17 0 mz-b01-b-mshopcor1bbcreate name MazeW
1 1161556128 8075 -20400 -1275 0 0 0 0 19 0 0 0 mz-b01-b-streetlamp
1 1161804447 8000 -20400 -800 0 0 0 0 15 0 17 0 mz-b01-b-rail1ecreate name MazeW
1 1161804448 8400 -20400 -400 900 0 0 0 15 0 17 0 mz-b01-b-rail1ecreate name MazeW
1 1161556090 9450 -20400 750 2700 0 0 0 14 0 0 0 mz-b01-p-palm1
1 1161556088 9300 -20400 150 2700 0 0 0 19 0 0 0 mz-b01-b-streetlamp
1 1161556091 9300 -20400 1550 2700 0 0 0 19 0 0 0 mz-b01-b-streetlamp
1 1161556091 9450 -20400 2250 2700 0 0 0 14 0 0 0 mz-b01-p-palm1
1 1161556092 9450 -20400 3900 2700 0 0 0 14 0 0 0 mz-b01-p-palm1
1 1161556095 9300 -20400 3150 2700 0 0 0 19 0 0 0 mz-b01-b-streetlamp
1 1161556094 9300 -20400 4900 2700 0 0 0 19 0 0 0 mz-b01-b-streetlamp
1 1161556092 9450 -20400 5650 2700 0 0 0 14 0 0 0 mz-b01-p-palm1
1 1161556095 9300 -20400 6300 2700 0 0 0 19 0 0 0 mz-b01-b-streetlamp
1 1161556094 9450 -20400 7450 2700 0 0 0 14 0 0 0 mz-b01-p-palm1
1 1161523063 9950 -20400 8400 2700 0 0 0 17 13 96 0 mz-a01-b-arcade1aTake me HOME!activate teleport mion 21.06S 139.86E -18.15a 295;bump teleport mion 21.06S 139.86E -18.15a 295;
1 1161804447 9600 -20400 8800 0 0 0 0 15 0 17 0 mz-b01-b-rail1ecreate name MazeW
1 1161804448 9600 -20400 8000 0 0 0 0 15 0 17 0 mz-b01-b-rail1ecreate name MazeW
1 1161556087 9300 -20400 -1150 2700 0 0 0 19 0 0 0 mz-b01-b-streetlamp
1 1161556128 9225 -20400 -1425 0 0 0 0 14 0 0 0 mz-b01-p-palm1
1 1161556088 9450 -20400 -550 2700 0 0 0 14 0 0 0 mz-b01-p-palm1
1 1161657815 10100 -20400 3150 2700 0 0 0 16 0 84 0 mz-b01-b-billbrdcreate picture http://mion.activeworlds.com/objects/signs/b_sign_earringsnthings.jpg
1 1161701071 10940 -20850 4339 2700 0 0 0 12 0 0 0 buildblock20
1 1161804448 10400 -20400 8800 0 0 0 0 15 0 17 0 mz-b01-b-rail1ecreate name MazeW
1 1161804448 10400 -20400 8000 0 0 0 0 15 0 17 0 mz-b01-b-rail1ecreate name MazeW
1 1161804448 10800 -20400 8400 900 0 0 0 15 0 17 0 mz-b01-b-rail1ecreate name MazeW
1 1161701046 -2710 -20850 4889 900 0 0 0 12 0 0 0 buildblock20
1 1161657766 -1300 -20400 400 900 0 0 0 19 0 0 0 mz-b01-b-streetlamp
1 1161657766 -1300 -20400 1800 900 0 0 0 19 0 0 0 mz-b01-b-streetlamp
1 1161657959 -1300 -20365 1050 900 0 0 0 14 0 0 0 mz-b01-p-palm1
1 1161657780 -1300 -20400 2800 900 0 0 0 14 0 0 0 mz-b01-p-palm1
1 1161657766 -1300 -20400 3550 900 0 0 0 19 0 0 0 mz-b01-b-streetlamp
1 1161657781 -1300 -20400 4450 900 0 0 0 14 0 0 0 mz-b01-p-palm1
1 1161657766 -1300 -20400 5150 900 0 0 0 19 0 0 0 mz-b01-b-streetlamp
1 1161657781 -1300 -20400 5950 900 0 0 0 14 0 0 0 mz-b01-p-palm1
1 1161657793 -1550 -20400 5000 900 0 0 0 16 0 35 0 mz-b01-b-billbrdcreate picture mz-b01-billbrd01.jpg
1 1161657766 -1300 -20400 6550 900 0 0 0 19 0 0 0 mz-b01-b-streetlamp
1 1161657766 -1300 -20400 7850 900 0 0 0 19 0 0 0 mz-b01-b-streetlamp
1 1161657781 -1300 -20400 7250 900 0 0 0 14 0 0 0 mz-b01-p-palm1
1 1161657781 -1300 -20400 8550 900 0 0 0 14 0 0 0 mz-b01-p-palm1
1 1161657780 -1300 -20400 -750 900 0 0 0 14 0 0 0 mz-b01-p-palm1
1 1161804446 -400 -20400 400 900 0 0 0 15 0 17 0 mz-b01-b-rail1ecreate name MazeW
1 1161804446 -400 -20400 1200 900 0 0 0 15 0 17 0 mz-b01-b-rail1ecreate name MazeW
1 1161804446 -400 -20400 2800 900 0 0 0 15 0 17 0 mz-b01-b-rail1ecreate name MazeW
1 1161804446 -400 -20400 2000 900 0 0 0 15 0 17 0 mz-b01-b-rail1ecreate name MazeW
1 1161804446 -400 -20400 3600 900 0 0 0 15 0 17 0 mz-b01-b-rail1ecreate name MazeW
1 1161804446 -400 -20400 4400 900 0 0 0 15 0 17 0 mz-b01-b-rail1ecreate name MazeW
1 1161804446 -400 -20400 5200 900 0 0 0 15 0 17 0 mz-b01-b-rail1ecreate name MazeW
1 1161804446 -400 -20400 6000 900 0 0 0 15 0 17 0 mz-b01-b-rail1ecreate name MazeW
1 1161804446 -400 -20400 6800 900 0 0 0 15 0 17 0 mz-b01-b-rail1ecreate name MazeW
1 1161804446 -400 -20400 7600 900 0 0 0 15 0 17 0 mz-b01-b-rail1ecreate name MazeW
1 1161804448 -400 -20400 8400 900 0 0 0 15 0 17 0 mz-b01-b-rail1ecreate name MazeW
1 1161555298 -750 -20400 9650 1800 0 0 0 14 0 0 0 mz-b01-p-palm1
1 1161555485 -800 -20400 -1200 900 0 0 0 19 0 0 0 mz-b01-b-streetlamp
1 1161556127 -75 -20400 -1425 0 0 0 0 14 0 0 0 mz-b01-p-palm1
1 1161804448 -400 -20400 -400 900 0 0 0 15 0 17 0 mz-b01-b-rail1ecreate name MazeW