elevdump version 2
0 0 0 0 4 1 1 0 0
0 0 0 8 4 1 1 0 0
0 0 0 16 4 1 1 0 0
0 0 0 24 4 1 1 0 0
0 0 0 32 4 1 1 0 0
0 0 0 40 4 1 1 0 0
0 0 0 48 4 1 1 0 0
0 0 0 56 4 1 1 0 0
0 0 0 64 4 1 1 0 0
0 0 0 72 4 1 1 0 0
0 0 0 80 4 1 1 0 0
0 0 0 88 4 1 1 0 0
0 0 0 96 4 1 1 0 0
0 0 0 104 4 1 1 0 0
0 0 0 112 4 1 1 0 0
0 0 0 120 4 1 1 0 0
0 0 8 0 4 1 1 0 0
0 0 8 8 4 1 1 0 0
0 0 8 16 4 1 1 0 0
0 0 8 24 4 1 1 0 0
0 0 8 32 4 1 1 0 0
0 0 8 40 4 1 1 0 0
0 0 8 48 4 1 1 0 0
0 0 8 56 4 1 1 0 0
0 0 8 64 4 1 1 0 0
0 0 8 72 4 1 1 0 0
0 0 8 80 4 1 1 0 0
0 0 8 88 4 1 1 0 0
0 0 8 96 4 1 1 0 0
0 0 8 104 4 1 1 0 0
0 0 8 112 4 1 1 0 0
0 0 8 120 4 1 1 0 0
0 0 16 0 4 1 1 0 0
0 0 16 8 4 1 1 0 0
0 0 16 16 4 1 1 0 0
0 0 16 24 4 1 1 0 0
0 0 16 32 4 1 1 0 0
0 0 16 40 4 1 1 0 0
0 0 16 48 4 1 1 0 0
0 0 16 56 4 1 1 0 0
0 0 16 64 4 1 1 0 0
0 0 16 72 4 1 1 0 0
0 0 16 80 4 1 1 0 0
0 0 16 88 4 1 1 0 0
0 0 16 96 4 1 1 0 0
0 0 16 104 4 1 1 0 0
0 0 16 112 4 1 1 0 0
0 0 16 120 4 1 1 0 0
0 0 24 0 4 1 1 0 0
0 0 24 8 4 1 1 0 0
0 0 24 16 4 1 1 0 0
0 0 24 24 4 1 1 0 0
0 0 24 32 4 1 1 0 0
0 0 24 40 4 1 1 0 0
0 0 24 48 4 1 1 0 0
0 0 24 56 4 1 1 0 0
0 0 24 64 4 1 1 0 0
0 0 24 72 4 1 1 0 0
0 0 24 80 4 1 1 0 0
0 0 24 88 4 1 1 0 0
0 0 24 96 4 1 1 0 0
0 0 24 104 4 1 1 0 0
0 0 24 112 4 1 1 0 0
0 0 24 120 4 1 1 0 0
0 0 32 0 4 1 1 0 0
0 0 32 8 4 1 1 0 0
0 0 32 16 4 1 1 0 0
0 0 32 24 4 1 1 0 0
0 0 32 32 4 1 1 0 0
0 0 32 40 4 1 1 0 0
0 0 32 48 4 1 1 0 0
0 0 32 56 4 1 1 0 0
0 0 32 64 4 1 1 0 0
0 0 32 72 4 1 1 0 0
0 0 32 80 4 1 1 0 0
0 0 32 88 4 1 1 0 0
0 0 32 96 4 1 1 0 0
0 0 32 104 4 1 1 0 0
0 0 32 112 4 1 1 0 0
0 0 32 120 4 1 1 0 0
0 0 40 0 4 1 1 0 0
0 0 40 8 4 1 1 0 0
0 0 40 16 4 1 1 0 0
0 0 40 24 4 1 1 0 0
0 0 40 32 4 1 1 0 0
0 0 40 40 4 1 1 0 0
0 0 40 48 4 1 1 0 0
0 0 40 56 4 1 1 0 0
0 0 40 64 4 1 1 0 0
0 0 40 72 4 1 1 0 0
0 0 40 80 4 1 1 0 0
0 0 40 88 4 1 1 0 0
0 0 40 96 4 1 1 0 0
0 0 40 104 4 1 1 0 0
0 0 40 112 4 1 1 0 0
0 0 40 120 4 1 1 0 0
0 0 48 0 4 1 1 0 0
0 0 48 8 4 1 1 0 0
0 0 48 16 4 1 1 0 0
0 0 48 24 4 1 1 0 0
0 0 48 32 4 1 1 0 0
0 0 48 40 4 1 1 0 0
0 0 48 48 4 1 64 0 0 0 0 0 0 0 0 0 0 0 0 0 0 0 0 0 0 0 0 0 0 0 0 0 0 0 0 0 0 0 0 0 0 0 0 0 0 0 0 0 0 0 0 0 0 0 0 0 0 0 0 0 0 0 0 0 0 300 0 300 0 300 0 300
0 0 48 56 4 1 64 0 0 0 0 0 0 0 0 0 0 300 0 300 0 300 0 300 0 0 0 0 0 0 0 0 0 300 0 300 0 300 0 300 0 0 0 0 0 0 0 0 0 300 0 300 0 300 -40 300 0 0 0 0 0 0 0 0 0 300 0 300 0 300 0 300
0 0 48 64 4 1 1 0 0
0 0 48 72 4 64 64 0 0 0 0 0 0 0 0 0 0 0 0 0 0 0 0 0 0 0 0 0 0 0 0 0 0 0 0 0 0 0 0 0 0 0 0 0 0 0 0 0 0 0 0 0 0 0 0 0 0 0 0 0 0 0 0 0 0 0 0 0 0 0 32771 0 0 0 0 0 0 0 0 0 0 0 0 0 0 0 0 0 0 0 0 0 0 0 0 0 0 0 0 0 0 0 150 0 0 0 0 0 0 250 200 0 0 0 0 0 0 0 50 0 0 0 0 0 150 150 100 0 0 0 100 150 450 450 0
0 0 48 80 4 64 64 0 0 0 0 0 0 0 32770 0 0 0 0 0 0 0 32770 0 0 0 0 0 0 0 49155 0 0 0 0 0 0 0 0 0 0 0 0 0 0 0 0 0 0 0 0 0 0 0 32771 0 0 0 0 0 0 0 32770 0 0 0 0 0 0 0 32770 0 0 0 350 200 850 350 250 0 0 0 0 0 700 550 1000 0 0 0 0 0 0 800 950 0 0 0 0 0 0 0 0 0 0 0 0 0 150 50 0 0 0 0 0 450 400 1050 400 0 0 0 0 0 0 1400 1350 0 0 0 0 0 0 1600 2300
0 0 48 88 4 64 64 0 0 0 0 0 0 0 32770 0 0 0 0 0 0 0 49155 0 0 0 0 0 0 0 0 0 0 0 0 0 0 0 0 0 0 0 0 0 0 0 0 0 0 0 0 0 0 0 0 0 0 0 0 0 0 0 0 0 0 0 0 0 0 0 0 0 0 0 0 0 0 2200 2350 0 0 0 0 0 0 0 2100 0 0 0 0 0 0 0 700 0 0 0 0 0 0 200 400 0 0 0 0 0 0 300 250 0 0 0 0 0 0 0 150 0 0 0 0 0 0 0 150 0 0 0 0 0 0 0 100
0 0 48 96 4 1 1 0 0
0 0 48 104 4 1 1 0 0
0 0 48 112 4 1 1 0 0
0 0 48 120 4 1 1 0 0
0 0 56 0 4 1 1 0 0
0 0 56 8 4 1 1 0 0
0 0 56 16 4 1 1 0 0
0 0 56 24 4 1 1 0 0
0 0 56 32 4 1 1 0 0
0 0 56 40 4 1 1 0 0
0 0 56 48 4 1 64 0 0 0 0 0 0 0 0 0 0 0 0 0 0 0 0 0 0 0 0 0 0 0 0 0 0 0 0 0 0 0 0 0 0 0 0 0 0 0 0 0 0 0 0 0 0 0 0 0 0 0 0 0 0 0 0 0 0 300 0 0 0 0 0 0
0 0 56 56 4 64 64 0 0 0 0 0 0 0 0 0 0 0 0 0 0 0 0 0 0 0 0 0 0 0 0 0 0 0 0 0 0 0 0 0 0 0 0 0 0 0 0 0 0 0 0 0 0 0 0 0 0 49152 0 0 0 0 0 0 0 0 0 0 0 0 0 0 0 0 0 0 0 0 0 0 300 0 0 0 0 0 0 0 0 0 0 0 0 0 0 0 300 0 0 0 0 0 0 0 0 0 0 0 0 0 0 0 300 0 0 900 600 300 0 0 0 0 0 0 0 0 0 0 300 0 0 0 0 0 0
0 0 56 64 4 64 64 0 0 0 0 0 0 0 0 0 0 0 0 0 0 0 0 0 0 32771 16386 16387 0 0 0 0 0 49155 49154 3 0 0 0 0 49152 32768 0 0 32771 16386 16386 0 0 32768 0 0 32770 49153 32769 0 0 0 0 0 32770 1 16385 0 0 0 0 0 49155 32769 4 0 0 0 0 0 0 0 0 0 0 0 0 0 50 50 0 0 0 0 0 0 50 0 0 0 0 0 0 0 45 -4 0 0 0 0 0 0 50 -50 -50 0 0 0 0 0 0 0 150 0 0 0 0 0 0 450 450 0 0 0 0 0 350 200 150
0 0 56 72 4 64 64 0 0 0 49152 32771 16386 16385 49156 0 0 0 0 32770 49156 49153 32769 0 0 0 0 32770 4 1 16385 0 0 0 0 32770 49156 4 4 0 0 0 0 49155 49154 32769 4 0 0 0 0 0 0 49155 32769 0 0 0 0 0 0 0 49155 16387 32771 16387 0 0 0 32771 16387 0 0 0 0 0 100 50 -150 0 0 0 0 0 150 0 -750 50 0 0 0 0 250 -350 -350 50 0 50 50 0 200 -250 -200 50 50 50 0 0 400 150 250 0 50 150 150 50 0 50 301 0 100 100 100 50 55 0 0 450 150 0 0 1950 2350 50 50
0 0 56 80 4 64 64 2 32770 2 0 0 0 32770 2 2 49155 3 0 0 0 32770 2 3 0 0 32771 16386 16387 49155 3 0 0 0 49155 32769 1 16387 0 0 0 0 0 49155 49154 3 0 16387 0 0 0 0 0 0 0 2 32771 16387 0 0 0 0 0 1 16385 2 0 0 0 0 0 100 100 100 300 2650 3750 3950 1555 300 500 150 300 300 3600 4300 2400 950 100 100 150 600 1100 2350 2000 100 100 100 0 100 1250 1100 700 350 200 350 350 250 600 650 450 750 300 0 0 150 200 300 0 1700 1450 1400 900 0 0 250 250 2600 2450 2350 2000 950 300 500 500
0 0 56 88 4 64 64 4 4 2 0 0 0 0 0 49154 49154 3 0 0 0 0 0 0 0 0 0 0 0 0 0 0 0 0 0 0 0 0 0 0 0 0 0 0 0 0 0 0 0 0 0 0 0 0 0 0 0 0 0 0 0 0 0 0 0 0 0 0 0 0 0 2700 2800 2650 2100 1400 100 250 200 2250 2250 2150 900 0 250 350 700 850 350 300 0 0 400 650 650 250 300 100 0 0 0 450 350 300 300 0 100 150 150 0 0 150 350 0 100 0 0 0 0 150 0 0 0 0 0 0 0 100 0 0 0 0 0 0 0
0 0 56 96 4 1 1 0 0
0 0 56 104 4 1 1 0 0
0 0 56 112 4 1 1 0 0
0 0 56 120 4 1 1 0 0
0 0 64 0 4 1 1 0 0
0 0 64 8 4 1 1 0 0
0 0 64 16 4 1 1 0 0
0 0 64 24 4 1 1 0 0
0 0 64 32 4 1 1 0 0
0 0 64 40 4 1 1 0 0
0 0 64 48 4 1 1 0 0
0 0 64 56 4 1 1 0 0
0 0 64 64 4 64 64 0 0 0 0 0 0 0 0 0 0 0 0 0 0 0 0 0 0 0 0 0 0 0 49152 32771 16387 0 0 0 0 0 0 16385 1 16387 0 0 0 16384 0 49156 32772 1 16387 0 0 0 0 4 16388 49156 2 49152 0 0 0 32772 49156 32772 1 16387 0 0 0 0 0 0 0 50 0 0 0 0 0 0 50 50 0 0 0 0 0 50 50 50 100 0 0 0 0 0 0 0 100 150 0 -40 25 55 0 0 0 300 150 100 100 70 150 0 150 200 100 0 -50 0 150 0 100 150 300 -100 -550 -350 150 0 100 0 150
0 0 64 72 4 64 64 32772 4 16388 49153 3 0 0 0 16388 49153 32769 2 32771 16387 0 0 49156 1 16385 2 32770 2 0 0 4 49153 49154 3 49155 3 0 0 16388 2 32771 16387 0 0 0 0 49156 2 32770 2 0 0 0 0 32769 1 16385 2 0 0 0 0 49155 49154 32769 2 0 0 0 0 -950 -900 -400 150 0 100 150 200 -800 -550 -50 150 0 200 250 100 -900 0 -49 255 0 250 400 100 -100 200 150 100 0 50 100 0 -350 200 50 0 5 150 100 300 200 350 50 50 50 100 200 500 0 0 0 50 0 100 200 650 50 50 0 50 50 0 150 600
0 0 64 80 4 64 64 0 0 32770 2 0 0 0 0 0 0 32770 2 0 0 0 0 32768 16384 32770 1 16386 16387 0 0 32768 49152 49155 49154 32769 2 0 0 32768 0 16384 16384 32770 2 0 0 49152 49152 32768 0 32770 2 0 0 0 0 32768 0 32770 2 0 0 0 0 49152 49152 32770 2 0 0 50 50 0 0 50 50 0 350 100 50 0 50 0 50 200 100 300 50 0 50 0 50 0 0 50 50 0 0 0 50 0 100 150 150 0 0 0 50 0 100 50 100 0 0 0 0 50 0 50 50 50 0 0 100 250 0 50 50 0 150 200 0 0 0
0 0 64 88 4 64 64 0 0 0 0 32770 2 0 0 0 0 32771 16386 16385 2 0 0 0 0 32770 49153 49154 3 0 0 0 0 32770 2 0 0 0 0 0 0 32770 2 0 0 0 0 0 0 32770 2 0 0 0 0 0 0 32770 2 32771 16387 0 0 0 0 49155 3 32770 1 16387 0 0 0 100 100 0 0 0 0 150 250 100 100 0 0 0 0 0 400 250 0 0 0 0 0 0 300 150 0 0 0 0 0 0 0 0 0 500 400 0 500 0 0 0 0 0 750 1050 950 0 0 0 0 0 650 400 850 0 0 0 0 0 400 350 550
0 0 64 96 4 64 64 0 0 0 0 49155 49154 3 0 0 32771 16386 16386 16387 0 0 0 0 32770 4 4 2 0 0 0 0 32770 4 32772 2 0 0 0 0 49155 49154 49154 3 0 0 0 0 0 0 0 0 0 0 0 0 0 0 0 0 0 0 0 0 0 0 0 0 0 0 0 0 0 0 0 0 250 450 300 0 0 0 0 0 0 0 0 0 0 0 0 0 0 0 0 0 0 0 0 0 0 0 0 0 0 0 0 0 0 0 0 0 0 0 0 0 0 0 0 0 0 0 0 0 0 0 0 0 0 0 0 0 0 0 0
0 0 64 104 4 1 1 0 0
0 0 64 112 4 1 1 0 0
0 0 64 120 4 1 1 0 0
0 0 72 0 4 1 1 0 0
0 0 72 8 4 1 1 0 0
0 0 72 16 4 1 1 0 0
0 0 72 24 4 1 1 0 0
0 0 72 32 4 1 1 0 0
0 0 72 40 4 1 1 0 0
0 0 72 48 4 1 1 0 0
0 0 72 56 4 64 1 0 0 0 0 0 0 32768 0 0 0 0 0 0 0 0 0 0 0 0 0 0 0 0 0 0 0 0 0 0 0 0 0 0 0 0 0 0 0 0 0 0 0 0 0 0 0 0 0 0 0 0 0 0 0 0 0 0 0 0 0 0 0 0 0 0
0 0 72 64 4 1 64 0 0 0 0 0 0 0 0 0 0 0 0 0 0 0 0 0 0 0 0 0 0 0 0 0 0 0 0 0 0 0 0 0 50 0 0 0 0 0 0 0 150 450 0 0 0 50 150 0 450 500 0 0 650 850 650 1750 200 150 100 300 1650 1850 1450 1750
0 0 72 72 4 1 64 0 200 50 200 650 2300 2200 1750 1900 0 200 0 600 1500 2350 1750 1150 150 0 0 200 0 1150 1050 600 200 150 0 0 0 300 500 400 200 450 350 0 0 0 100 100 500 0 0 0 0 0 0 0 400 0 150 0 0 0 0 0 200 0 0 0 0 0 0 0
0 0 72 80 4 1 64 0 250 0 0 0 0 0 0 0 350 250 300 300 400 0 0 0 100 350 150 0 0 0 0 0 100 0 0 0 0 0 0 0 250 0 0 0 0 0 0 0 0 250 0 0 0 0 0 0 200 0 0 0 0 0 0 0 0 0 0 0 0 0 0 0
0 0 72 88 4 64 64 0 0 0 0 0 0 0 0 0 0 0 0 0 0 0 0 0 0 0 0 0 0 0 0 0 0 0 0 0 0 0 0 0 0 0 0 32771 16386 16387 0 0 0 0 0 32770 4 2 0 0 0 0 0 32770 49156 1 16387 0 0 0 0 32770 49153 32769 1 0 0 0 0 0 0 0 0 0 0 0 0 0 0 0 0 0 0 0 0 0 0 0 0 0 0 0 0 0 400 0 0 0 0 0 0 450 700 1050 750 0 0 0 0 0 3100 2700 1500 0 0 0 3050 3400 3400 3350 0 100 2200 2900 3500 4650 4800 4150 0
0 0 72 96 4 64 64 0 0 0 32771 16385 1 16385 49153 0 0 0 49155 49154 49154 49154 3 0 0 0 0 0 0 0 0 0 0 0 0 0 0 0 0 0 0 0 0 0 0 0 0 0 0 0 0 0 0 0 0 0 0 0 0 0 0 0 0 0 0 0 0 0 0 0 0 750 850 2050 2300 4600 4950 4000 0 0 0 1150 3800 4550 550 0 0 0 450 500 3600 4000 350 350 0 0 0 300 450 600 350 0 0 0 0 0 0 0 0 0 0 0 0 0 0 0 0 0 0 0 0 0 0 0 0 0 0 0 0 0 0 0 0 0 0
0 0 72 104 4 1 1 0 0
0 0 72 112 4 1 1 0 0
0 0 72 120 4 1 1 0 0
0 0 80 0 4 1 1 0 0
0 0 80 8 4 1 1 0 0
0 0 80 16 4 1 1 0 0
0 0 80 24 4 1 1 0 0
0 0 80 32 4 1 1 0 0
0 0 80 40 4 1 1 0 0
0 0 80 48 4 1 64 0 0 0 0 0 0 0 0 0 0 0 0 0 0 0 0 0 0 0 0 0 0 0 0 0 0 0 0 0 0 0 0 0 0 0 0 0 0 0 0 0 0 0 0 0 0 0 0 0 0 0 0 0 0 0 0 0 50 0 0 0 0 0 0 0
0 0 80 56 4 1 1 0 0
0 0 80 64 4 1 64 0 0 0 0 0 0 0 0 0 0 0 0 0 0 0 0 0 0 0 0 0 0 0 0 0 0 0 0 0 0 0 0 0 0 0 0 0 0 0 0 0 0 0 0 0 0 0 0 0 0 0 0 0 0 0 0 0 1900 0 0 0 0 0 0 0
0 0 80 72 4 1 64 0 1800 0 0 0 0 0 0 0 0 0 0 0 0 0 0 0 400 0 0 0 0 0 0 0 150 0 0 0 0 0 0 0 0 0 0 0 0 0 0 0 0 0 0 0 0 0 0 0 0 0 0 0 0 0 0 0 0 0 0 0 0 0 0 0
0 0 80 80 4 1 1 0 0
0 0 80 88 4 64 64 0 0 0 0 0 0 0 0 0 0 0 0 0 0 0 0 0 0 0 0 0 0 0 0 0 0 0 0 0 0 0 0 0 0 0 0 0 0 0 0 0 0 0 0 0 0 0 0 0 0 0 0 0 0 0 0 16387 0 0 0 0 0 0 0 0 0 0 0 0 0 0 0 0 0 0 0 0 0 0 0 0 0 0 0 0 0 0 0 0 0 0 0 0 0 0 0 0 0 0 0 0 0 0 0 300 0 0 0 0 0 0 0 950 0 0 0 0 0 0 0 1050 0 0 0 0 0 0 0
0 0 80 96 4 64 64 3 0 0 0 0 0 0 0 0 0 0 0 0 0 0 0 0 0 0 0 0 0 0 0 0 0 0 0 0 0 0 0 0 0 0 0 0 0 0 0 0 0 0 0 0 0 0 0 0 0 0 0 0 0 0 0 0 0 0 0 0 0 0 0 1050 1000 700 0 0 0 0 0 0 0 0 0 0 0 0 0 0 0 0 0 0 0 0 0 0 0 0 0 0 0 0 0 0 0 0 0 0 0 0 0 0 0 0 0 0 0 0 0 0 0 0 0 0 0 0 0 0 0 0 0 0 0 0 0
0 0 80 104 4 1 1 0 0
0 0 80 112 4 1 1 0 0
0 0 80 120 4 1 1 0 0
0 0 88 0 4 1 1 0 0
0 0 88 8 4 1 1 0 0
0 0 88 16 4 1 1 0 0
0 0 88 24 4 1 1 0 0
0 0 88 32 4 1 1 0 0
0 0 88 40 4 1 1 0 0
0 0 88 48 4 1 1 0 0
0 0 88 56 4 1 1 0 0
0 0 88 64 4 1 1 0 0
0 0 88 72 4 1 1 0 0
0 0 88 80 4 1 1 0 0
0 0 88 88 4 1 1 0 0
0 0 88 96 4 1 1 0 0
0 0 88 104 4 1 1 0 0
0 0 88 112 4 1 1 0 0
0 0 88 120 4 1 1 0 0
0 0 96 0 4 1 1 0 0
0 0 96 8 4 1 1 0 0
0 0 96 16 4 1 1 0 0
0 0 96 24 4 1 1 0 0
0 0 96 32 4 1 1 0 0
0 0 96 40 4 1 1 0 0
0 0 96 48 4 1 1 0 0
0 0 96 56 4 1 1 0 0
0 0 96 64 4 1 1 0 0
0 0 96 72 4 1 64 0 0 0 0 0 0 0 0 0 0 0 0 0 0 0 0 0 0 0 0 0 0 0 0 0 0 0 0 0 2400 0 0 0 0 0 0 0 1850 0 0 0 0 0 0 0 0 0 0 0 0 0 0 0 0 0 0 0 0 0 0 0 0 0 0 0
0 0 96 80 4 1 1 0 0
0 0 96 88 4 1 1 0 0
0 0 96 96 4 1 1 0 0
0 0 96 104 4 1 1 0 0
0 0 96 112 4 1 1 0 0
0 0 96 120 4 1 1 0 0
0 0 104 0 4 1 1 0 0
0 0 104 8 4 1 1 0 0
0 0 104 16 4 1 1 0 0
0 0 104 24 4 1 1 0 0
0 0 104 32 4 1 1 0 0
0 0 104 40 4 1 1 0 0
0 0 104 48 4 1 1 0 0
0 0 104 56 4 1 1 0 0
0 0 104 64 4 1 1 0 0
0 0 104 72 4 1 1 0 0
0 0 104 80 4 1 1 0 0
0 0 104 88 4 1 1 0 0
0 0 104 96 4 1 1 0 0
0 0 104 104 4 1 1 0 0
0 0 104 112 4 1 1 0 0
0 0 104 120 4 1 1 0 0
0 0 112 0 4 1 1 0 0
0 0 112 8 4 1 1 0 0
0 0 112 16 4 1 1 0 0
0 0 112 24 4 1 1 0 0
0 0 112 32 4 1 1 0 0
0 0 112 40 4 1 1 0 0
0 0 112 48 4 1 1 0 0
0 0 112 56 4 1 1 0 0
0 0 112 64 4 1 1 0 0
0 0 112 72 4 1 1 0 0
0 0 112 80 4 1 1 0 0
0 0 112 88 4 1 1 0 0
0 0 112 96 4 1 1 0 0
0 0 112 104 4 1 1 0 0
0 0 112 112 4 1 1 0 0
0 0 112 120 4 1 1 0 0
0 0 120 0 4 1 1 0 0
0 0 120 8 4 1 1 0 0
0 0 120 16 4 1 1 0 0
0 0 120 24 4 1 1 0 0
0 0 120 32 4 1 1 0 0
0 0 120 40 4 1 1 0 0
0 0 120 48 4 1 1 0 0
0 0 120 56 4 1 1 0 0
0 0 120 64 4 1 1 0 0
0 0 120 72 4 1 1 0 0
0 0 120 80 4 1 1 0 0
0 0 120 88 4 1 1 0 0
0 0 120 96 4 1 1 0 0
0 0 120 104 4 1 1 0 0
0 0 120 112 4 1 1 0 0
0 0 120 120 4 1 1 0 0