atdump version 4
0 Y
1 N
2 Y
3 Y
4 Y
5 Y
6 Y
7 Y
8 Y
9 N
10 87
11 87
12 87
13 1
14 
15 1
17 1
18 1.000000
19 30000
20 
21 255
22 0.000000
23 0.000000
24 stars1
25 10.000000
26 cloud_strat1m
27 255
28 0.500000
29 1.000000
30 cloud_strat1n
31 1.000000
32 cloud_strat1m
33 255
34 1.000000
35 2.000000
36 cloud_strat1n
37 2.000000
39 N
40 N
41 Y
42 1
43 1
44 Y
45 Y
46 *
47 24.21S 30.98E 0.27a 73
49 0
50 N
51 0
52 1200
53 60
54 0
55 1.000000
56 grnd_trs04
57 
58 
59 70
60 Y
61 N
62 30
63 51
64 c_moon1m
65 51
66 c_moon1
67 -8.260000
68 -3.000000
69 -6.510000
70 100
72 200
74 ff626947146f
76 http://connect.miuchiz.com/objects/games
77 10080
78 1
79 1
80 N
81 0
83 
84 96
85 64
86 64
87 64
88 32
89 32
90 96
91 64
92 64
93 64
94 32
95 32
96 32
97 16
98 16
99 113
100 74
101 74
102 
103 
104 
105 *
106 1
107 1
108 1.000000
109 1.000000
110 -15.000000
112 
113 
114 79
115 
116 
117 Y
118 61
119 0.000000
120 
121 230
122 51
123 0.500000
124 0.000000
125 ocean
126 Y
127 60
128 0.000000
129 Willkommen zu Treasure
130 N
131 
132 
133 N
134 N
135 N
136 Y
137 1.000000
138 20.000000
139 N
140 5.000000
141 45.000000
142 Y
143 Y
144 14793651
145 Y
146 480
147 480
148 1
149 N
150 N
151 move rotate