atdump version 4
0 Y
1 N
2 Y
3 Y
4 Y
5 Y
6 Y
7 Y
8 Y
9 N
10 98
11 70
12 73
13 1
14 
15 1
17 1
18 1.000000
19 30000
20 stars1
21 255
22 0.000000
23 0.000000
24 stars1
25 4.000000
26 cloud_strat1m
27 59
28 0.000000
29 1.000000
30 cloud_strat1
31 2.000000
32 cloud_strat1m
33 65
34 1.000000
35 0.000000
36 cloud_strat1
37 1.000000
39 N
40 N
41 Y
42 1
43 1
44 N
45 Y
46 *
47 1.00N 0.00W -3.00a 180
49 77
50 Y
51 49
52 1200
53 30
54 43
55 1.000000
56 grnd_lt2
57 http://mion.activeworlds.com/map.php
58 
59 211
60 N
61 N
62 30
63 166
64 c_moon2
65 156
66 c_moon2
67 -9.130000
68 -2.900000
69 0.430000
70 60
72 200
74 86a8e2b16767aa6d630778a91e
76 http://connect.miuchiz.com/objects
77 10080
78 1
79 1
80 N
81 0
83 
84 112
85 79
86 75
87 134
88 83
89 72
90 141
91 101
92 95
93 109
94 74
95 65
96 62
97 40
98 46
99 157
100 98
101 85
102 
103 
104 
105 *
106 1
107 1
108 1.000000
109 1.000000
110 -204.500000
112 Laser Tag
113 
114 174
115 
116 
117 Y
118 102
119 -185.000000
120 
121 225
122 96
123 0.000000
124 0.000000
125 water1_top
126 Y
127 120
128 0.000000
129 Please walk straight ahead
130 N
131 
132 
133 N
134 N
135 N
136 Y
137 1.000000
138 2.000000
139 N
140 0.000000
141 90.000000
142 Y
143 Y
144 14660533
145 Y
146 99999
147 99999
148 1
149 N
150 N
151 move rotate