atdump version 4
0 Y
1 N
2 Y
3 Y
4 Y
5 Y
6 Y
7 Y
8 Y
9 N
10 255
11 255
12 255
13 1
14 
15 1
17 1
18 1.000000
19 11000
20 
21 0
22 0.000000
23 0.000000
24 
25 0.000000
26 cloud_strat1m
27 133
28 0.200000
29 0.400000
30 cloud_strat1
31 4.000000
32 cloud_swirl2
33 214
34 -0.250000
35 -1.000000
36 cloud_swirl2
37 7.000000
39 N
40 N
41 Y
42 1
43 1
44 Y
45 Y
46 *
47 0.29N 0.00W 0.01a 0
49 255
50 Y
51 230
52 800
53 40
54 230
55 1.000000
56 
57 
58 
59 223
60 N
61 N
62 0
63 251
64 
65 253
66 
67 1.950000
68 -5.030000
69 -10.000000
70 10
72 200
74 82b09e4d292d7be063eb
76 http://connect.miuchiz.com/objects/games
77 10080
78 1
79 1
80 N
81 0
83 cart_sky3
84 255
85 232
86 217
87 251
88 202
89 244
90 196
91 237
92 255
93 96
94 189
95 251
96 255
97 164
98 102
99 255
100 164
101 102
102 
103 
104 
105 *
106 1
107 1
108 0.200000
109 1.000000
110 0.000000
112 BratzTAG!
113 
114 0
115 
116 
117 N
118 0
119 0.000000
120 
121 0
122 0
123 0.000000
124 0.000000
125 
126 N
127 120
128 0.000000
129 
130 N
131 
132 
133 N
134 N
135 N
136 Y
137 1.000000
138 2.000000
139 Y
140 10.000000
141 15.000000
142 N
143 N
144 16777215
145 Y
146 60
147 360
148 1
149 N
150 N
151 move rotate