atdump version 4
0 Y
1 N
2 N
3 N
4 N
5 N
6 N
7 N
8 N
9 N
10 154
11 154
12 154
13 10
14 
15 1
17 1
18 1.000000
19 11000
20 
21 0
22 0.000000
23 0.000000
24 
25 0.000000
26 cloud_strat1m
27 79
28 0.000000
29 0.500000
30 cloud_strat1
31 4.000000
32 cloud_strat1
33 94
34 0.500000
35 0.000000
36 cloud_strat1
37 1.000000
39 N
40 N
41 N
42 1
43 1
44 N
45 Y
46 *
47 1.00N 0.00W -3.00a 180
49 205
50 N
51 170
52 1200
53 50
54 163
55 3.000000
56 
57 
58 
59 193
60 N
61 N
62 0
63 241
64 
65 253
66 
67 -10.000000
68 -3.910000
69 0.000000
70 60
72 200
74 86a8e2b16767aa6d630778a91e
76 http://connect.miuchiz.com/objects/
77 10080
78 1
79 1
80 N
81 0
83 cart_sky3b
84 205
85 170
86 163
87 205
88 170
89 163
90 205
91 170
92 163
93 241
94 172
95 163
96 249
97 235
98 155
99 205
100 170
101 163
102 
103 
104 
105 *
106 1
107 1
108 1.000000
109 1.000000
110 -204.000000
112 Shop Maze
113 
114 174
115 
116 
117 N
118 102
119 -185.000000
120 
121 225
122 96
123 0.000000
124 0.000000
125 water1_top
126 Y
127 120
128 0.000000
129 Welcome to Shop Maze
130 N
131 
132 
133 Y
134 Y
135 N
136 Y
137 1.000000
138 2.000000
139 N
140 0.000000
141 90.000000
142 N
143 N
144 16777215
145 Y
146 99999
147 99999
148 1
149 N
150 N
151 move rotate
