propdump version 4
1 1275220598 400 -20400 400 900 0 0 0 15 0 17 0 mz-b01-b-rail1ecreate name MazeW
1 1275220601 800 -20400 0 0 0 0 0 15 0 17 0 mz-b01-b-rail1ecreate name MazeW
1 1275220598 400 -20400 1200 900 0 0 0 15 0 17 0 mz-b01-b-rail1ecreate name MazeW
1 1275220607 800 -20400 2400 0 0 0 0 15 0 17 0 mz-b01-b-rail1ecreate name MazeW
1 1275220599 400 -20400 2800 900 0 0 0 15 0 17 0 mz-b01-b-rail1ecreate name MazeW
1 1275220599 400 -20400 2000 900 0 0 0 15 0 17 0 mz-b01-b-rail1ecreate name MazeW
1 1275220599 400 -20400 3600 900 0 0 0 15 0 17 0 mz-b01-b-rail1ecreate name MazeW
1 1275220599 400 -20400 4400 900 0 0 0 15 0 17 0 mz-b01-b-rail1ecreate name MazeW
1 1275220599 400 -20400 5200 900 0 0 0 15 0 17 0 mz-b01-b-rail1ecreate name MazeW
1 1275220600 400 -20400 6800 900 0 0 0 15 0 17 0 mz-b01-b-rail1ecreate name MazeW
1 1275220600 400 -20400 6000 900 0 0 0 15 0 17 0 mz-b01-b-rail1ecreate name MazeW
1 1275220613 800 -20400 7200 0 0 0 0 15 0 17 0 mz-b01-b-rail1ecreate name MazeW
1 1275220600 400 -20400 7600 900 0 0 0 15 0 17 0 mz-b01-b-rail1ecreate name MazeW
1 1752870112 0 -20400 8800 0 0 0 0 15 0 0 0 mz-b01-b-rail1e
1 1752870110 800 -20400 8800 0 0 0 0 15 0 0 0 mz-b01-b-rail1e
1 1275220600 0 -20400 8000 0 0 0 0 15 0 17 0 mz-b01-b-rail1ecreate name MazeW
1 1275220614 800 -20400 8000 0 0 0 0 15 0 17 0 mz-b01-b-rail1ecreate name MazeW
1 1161555421 140 -20400 9535 1800 0 0 0 19 0 0 0 mz-b01-b-streetlamp
1 1161556125 625 -20400 -1275 0 0 0 0 19 0 0 0 mz-b01-b-streetlamp
1 1275220600 800 -20400 -800 0 0 0 0 15 0 17 0 mz-b01-b-rail1ecreate name MazeW
1 1275220600 0 -20400 -800 0 0 0 0 15 0 17 0 mz-b01-b-rail1ecreate name MazeW
1 1275220601 1600 -20400 0 0 0 0 0 15 0 17 0 mz-b01-b-rail1ecreate name MazeW
1 1275220605 1600 -20400 800 0 0 0 0 15 0 17 0 mz-b01-b-rail1ecreate name MazeW
1 1289434923 1200 -20400 1200 900 0 0 0 15 0 17 0 mz-b01-b-rail1ecreate name MazeW
1 1289434924 1600 -20400 1600 0 0 0 0 15 0 17 0 mz-b01-b-rail1ecreate name MazeW
1 1275220606 1200 -20400 2000 900 0 0 0 15 0 17 0 mz-b01-b-rail1ecreate name MazeW
1 1275220608 1200 -20400 3600 900 0 0 0 15 0 17 0 mz-b01-b-rail1ecreate name MazeW
1 1275220608 1600 -20400 3200 0 0 0 0 15 0 17 0 mz-b01-b-rail1ecreate name MazeW
1 1275220610 1600 -20400 4800 0 0 0 0 15 0 17 0 mz-b01-b-rail1ecreate name MazeW
1 1275220610 1200 -20400 5200 900 0 0 0 15 0 17 0 mz-b01-b-rail1ecreate name MazeW
1 1275220612 1600 -20400 6400 0 0 0 0 15 0 17 0 mz-b01-b-rail1ecreate name MazeW
1 1275220613 1200 -20400 7600 900 0 0 0 15 0 17 0 mz-b01-b-rail1ecreate name MazeW
1 1275220613 1600 -20400 7200 0 0 0 0 15 0 17 0 mz-b01-b-rail1ecreate name MazeW
1 1752870108 1600 -20400 8800 0 0 0 0 15 0 0 0 mz-b01-b-rail1e
1 1161555424 1940 -20400 9535 1800 0 0 0 19 0 0 0 mz-b01-b-streetlamp
1 1161555299 1050 -20400 9650 1800 0 0 0 14 0 0 0 mz-b01-p-palm1
1 1161556124 1925 -20400 -1275 0 0 0 0 19 0 0 0 mz-b01-b-streetlamp
1 1161556125 1225 -20400 -1425 0 0 0 0 14 0 0 0 mz-b01-p-palm1
1 1275220601 1600 -20400 -800 0 0 0 0 15 0 17 0 mz-b01-b-rail1ecreate name MazeW
1 1275220601 2400 -20400 0 0 0 0 0 15 0 17 0 mz-b01-b-rail1ecreate name MazeW
1 1275220604 2800 -20400 400 900 0 0 0 15 0 17 0 mz-b01-b-rail1ecreate name MazeW
1 1275220605 2000 -20400 1200 900 0 0 0 15 0 17 0 mz-b01-b-rail1ecreate name MazeW
1 1275220606 2400 -20400 1600 0 0 0 0 15 0 17 0 mz-b01-b-rail1ecreate name MazeW
1 1275220607 2400 -20400 2400 0 0 0 0 15 0 17 0 mz-b01-b-rail1ecreate name MazeW
1 1275220607 2800 -20400 2800 900 0 0 0 15 0 17 0 mz-b01-b-rail1ecreate name MazeW
1 1275220608 2800 -20400 3600 900 0 0 0 15 0 17 0 mz-b01-b-rail1ecreate name MazeW
1 1275220608 2000 -20400 3600 900 0 0 0 15 0 17 0 mz-b01-b-rail1ecreate name MazeW
1 1275220610 2400 -20400 4800 0 0 0 0 15 0 17 0 mz-b01-b-rail1ecreate name MazeW
1 1275220609 2000 -20400 4400 900 0 0 0 15 0 17 0 mz-b01-b-rail1ecreate name MazeW
1 1275220610 2800 -20400 5200 900 0 0 0 15 0 17 0 mz-b01-b-rail1ecreate name MazeW
1 1275220611 2000 -20400 6000 900 0 0 0 15 0 17 0 mz-b01-b-rail1ecreate name MazeW
1 1275220612 2000 -20400 6800 900 0 0 0 15 0 17 0 mz-b01-b-rail1ecreate name MazeW
1 1275220611 2800 -20400 6000 900 0 0 0 15 0 17 0 mz-b01-b-rail1ecreate name MazeW
1 1275220612 2800 -20400 6800 900 0 0 0 15 0 17 0 mz-b01-b-rail1ecreate name MazeW
1 1275220613 2800 -20400 7600 900 0 0 0 15 0 17 0 mz-b01-b-rail1ecreate name MazeW
1 1275220614 2400 -20400 8000 0 0 0 0 15 0 17 0 mz-b01-b-rail1ecreate name MazeW
1 1752870106 2400 -20400 8800 0 0 0 0 15 0 0 0 mz-b01-b-rail1e
1 1161555299 2800 -20400 9650 1800 0 0 0 14 0 0 0 mz-b01-p-palm1
1 1161556124 2525 -20400 -1425 0 0 0 0 14 0 0 0 mz-b01-p-palm1
1 1275220601 2400 -20400 -800 0 0 0 0 15 0 17 0 mz-b01-b-rail1ecreate name MazeW
1 1275220601 3200 -20400 0 0 0 0 0 15 0 17 0 mz-b01-b-rail1ecreate name MazeW
1 1275220606 3200 -20400 1600 0 0 0 0 15 0 17 0 mz-b01-b-rail1ecreate name MazeW
1 1275220605 3600 -20400 1200 900 0 0 0 15 0 17 0 mz-b01-b-rail1ecreate name MazeW
1 1752870357 3100 -19350 2900 0 0 900 0 2 0 127 0 sbcreate visible off, media url=http://connect.miuchiz.com/objects/sounds/mz_bratz_maze_SMX143_24.mp3 fx=3d radius=200 loop=99999
1 1162064833 3600 -17750 2800 0 0 0 2 0 0 0 51 0000c842000048420000c842000000000080400000803f4200bebebe0001001e00000000000000000000000000000000000000
1 1275220607 3200 -20400 2400 0 0 0 0 15 0 17 0 mz-b01-b-rail1ecreate name MazeW
1 1275220608 3600 -20400 3600 900 0 0 0 15 0 17 0 mz-b01-b-rail1ecreate name MazeW
1 1161968047 3300 -20400 3400 0 0 0 2 0 0 0 51 000016430000164300001643000000000080400000803f4000ffffff000100c409000000000000000000000000000000000000
1 1275220609 3600 -20400 4400 900 0 0 0 15 0 17 0 mz-b01-b-rail1ecreate name MazeW
1 1275220610 3600 -20400 5200 900 0 0 0 15 0 17 0 mz-b01-b-rail1ecreate name MazeW
1 1275220612 3600 -20400 6800 900 0 0 0 15 0 17 0 mz-b01-b-rail1ecreate name MazeW
1 1275220612 3200 -20400 6400 0 0 0 0 15 0 17 0 mz-b01-b-rail1ecreate name MazeW
1 1281303511 3200 -20400 7200 0 0 0 0 15 0 17 0 mz-b01-b-rail1ecreate name MazeW
1 1281303513 3200 -20300 7600 0 0 900 0 13 0 122 0 mz-a01-lo-st3create name MazeP,solid off,light radius=5 color=blue fx=fire,corona c_soft1 size=10,rotate 10 0 0;bump visible off global
1 1275220614 3200 -20400 8000 0 0 0 0 15 0 17 0 mz-b01-b-rail1ecreate name MazeW
1 1752870101 3200 -20400 8800 0 0 0 0 15 0 0 0 mz-b01-b-rail1e
1 1161555428 3640 -20400 9535 1800 0 0 0 19 0 0 0 mz-b01-b-streetlamp
1 1161555737 3620 -20400 10319 1800 0 0 0 16 0 37 0 mz-b01-b-billbrdcreate picture mz-b01-bratzlogo02.jpg
1 1161657804 3325 -20400 -1375 0 0 0 0 19 0 0 0 mz-b01-b-streetlamp
1 1752870019 3475 -20400 -1875 0 0 0 0 16 0 73 0 mz-b01-b-billbrdcreate picture http://connect.miuchiz.com/objects/signs/b_sign_ahhspa.jpg
1 1275220601 3200 -20400 -800 0 0 0 0 15 0 17 0 mz-b01-b-rail1ecreate name MazeW
1 1275220602 4000 -20400 0 0 0 0 0 15 0 17 0 mz-b01-b-rail1ecreate name MazeW
1 1275220605 4800 -20400 800 0 0 0 0 15 0 17 0 mz-b01-b-rail1ecreate name MazeW
1 1275220604 4400 -20400 400 900 0 0 0 15 0 17 0 mz-b01-b-rail1ecreate name MazeW
1 1275220606 4000 -20400 1600 0 0 0 0 15 0 17 0 mz-b01-b-rail1ecreate name MazeW
1 1275220606 4800 -20400 1600 0 0 0 0 15 0 17 0 mz-b01-b-rail1ecreate name MazeW
1 1275220607 4000 -20400 2400 0 0 0 0 15 0 17 0 mz-b01-b-rail1ecreate name MazeW
1 1275220607 4400 -20400 2800 900 0 0 0 15 0 17 0 mz-b01-b-rail1ecreate name MazeW
1 1275220608 4800 -20400 3200 0 0 0 0 15 0 17 0 mz-b01-b-rail1ecreate name MazeW
1 1275220608 4400 -20400 3600 900 0 0 0 15 0 17 0 mz-b01-b-rail1ecreate name MazeW
1 1275220610 4800 -20400 4800 0 0 0 0 15 0 17 0 mz-b01-b-rail1ecreate name MazeW
1 1275220610 4000 -20400 4800 0 0 0 0 15 0 17 0 mz-b01-b-rail1ecreate name MazeW
1 1275220611 4000 -20400 5600 0 0 0 0 15 0 17 0 mz-b01-b-rail1ecreate name MazeW
1 1275220611 4400 -20400 6000 900 0 0 0 15 0 17 0 mz-b01-b-rail1ecreate name MazeW
1 1275220613 4000 -20400 7200 0 0 0 0 15 0 17 0 mz-b01-b-rail1ecreate name MazeW
1 1275220614 4000 -20400 8000 0 0 0 0 15 0 17 0 mz-b01-b-rail1ecreate name MazeW
1 1752870096 4800 -20400 8800 0 0 0 0 15 0 0 0 mz-b01-b-rail1e
1 1752870099 4000 -20400 8800 0 0 0 0 15 0 0 0 mz-b01-b-rail1e
1 1275220614 4800 -20400 8000 0 0 0 0 15 0 17 0 mz-b01-b-rail1ecreate name MazeW
1 1161364367 4000 -19050 9450 0 0 0 0 2 0 118 0 sbcreate visible off, media url=http://mion.activeworlds.com/objects/sounds/dogonloose60.mp3 fx=3d radius=250 loop=99999
1 1161555300 4450 -20400 9650 1800 0 0 0 14 0 0 0 mz-b01-p-palm1
1 1161701101 4840 -20850 10889 1800 0 0 0 12 0 0 0 buildblock20
1 1161701041 4190 -20850 -2611 0 0 0 0 12 0 0 0 buildblock20
1 1161556123 4025 -20400 -1425 0 0 0 0 14 0 0 0 mz-b01-p-palm1
1 1161556122 4925 -20400 -1275 0 0 0 0 19 0 0 0 mz-b01-b-streetlamp
1 1275220602 4000 -20400 -800 0 0 0 0 15 0 17 0 mz-b01-b-rail1ecreate name MazeW
1 1275220602 4800 -20400 -800 0 0 0 0 15 0 17 0 mz-b01-b-rail1ecreate name MazeW
1 1275220602 5600 -20400 0 0 0 0 0 15 0 17 0 mz-b01-b-rail1ecreate name MazeW
1 1289434923 5200 -20400 1200 900 0 0 0 15 0 17 0 mz-b01-b-rail1ecreate name MazeW
1 1275220607 5600 -20400 2400 0 0 0 0 15 0 17 0 mz-b01-b-rail1ecreate name MazeW
1 1275220606 5200 -20400 2000 900 0 0 0 15 0 17 0 mz-b01-b-rail1ecreate name MazeW
1 1275220608 5200 -20400 3600 900 0 0 0 15 0 17 0 mz-b01-b-rail1ecreate name MazeW
1 1275220608 5600 -20400 3200 0 0 0 0 15 0 17 0 mz-b01-b-rail1ecreate name MazeW
1 1275220609 5200 -20400 4400 900 0 0 0 15 0 17 0 mz-b01-b-rail1ecreate name MazeW
1 1275220610 5200 -20400 5200 900 0 0 0 15 0 17 0 mz-b01-b-rail1ecreate name MazeW
1 1275220612 5200 -20400 6800 900 0 0 0 15 0 17 0 mz-b01-b-rail1ecreate name MazeW
1 1275220611 5200 -20400 6000 900 0 0 0 15 0 17 0 mz-b01-b-rail1ecreate name MazeW
1 1275220613 5200 -20400 7600 900 0 0 0 15 0 17 0 mz-b01-b-rail1ecreate name MazeW
1 1275220614 5600 -20400 8000 0 0 0 0 15 0 17 0 mz-b01-b-rail1ecreate name MazeW
1 1752870093 5600 -20400 8800 0 0 0 0 15 0 0 0 mz-b01-b-rail1e
1 1161555431 5090 -20400 9535 1800 0 0 0 19 0 0 0 mz-b01-b-streetlamp
1 1161555298 5950 -20400 9650 1800 0 0 0 14 0 0 0 mz-b01-p-palm1
1 1161556122 5675 -20400 -1425 0 0 0 0 14 0 0 0 mz-b01-p-palm1
1 1275220602 5600 -20400 -800 0 0 0 0 15 0 17 0 mz-b01-b-rail1ecreate name MazeW
1 1275220605 6400 -20400 800 0 0 0 0 15 0 17 0 mz-b01-b-rail1ecreate name MazeW
1 1275220605 6000 -20400 400 900 0 0 0 15 0 17 0 mz-b01-b-rail1ecreate name MazeW
1 1275220603 6400 -20400 0 0 0 0 0 15 0 17 0 mz-b01-b-rail1ecreate name MazeW
1 1275220605 6800 -20400 1200 900 0 0 0 15 0 17 0 mz-b01-b-rail1ecreate name MazeW
1 1275220607 6400 -20400 2400 0 0 0 0 15 0 17 0 mz-b01-b-rail1ecreate name MazeW
1 1275220607 6800 -20400 2800 900 0 0 0 15 0 17 0 mz-b01-b-rail1ecreate name MazeW
1 1275220606 6000 -20400 2000 900 0 0 0 15 0 17 0 mz-b01-b-rail1ecreate name MazeW
1 1275220609 6800 -20400 3600 900 0 0 0 15 0 17 0 mz-b01-b-rail1ecreate name MazeW
1 1275220609 6400 -20400 4000 0 0 0 0 15 0 17 0 mz-b01-b-rail1ecreate name MazeW
1 1275220609 6000 -20400 4400 900 0 0 0 15 0 17 0 mz-b01-b-rail1ecreate name MazeW
1 1275220611 6400 -20400 5600 0 0 0 0 15 0 17 0 mz-b01-b-rail1ecreate name MazeW
1 1275220610 6000 -20400 5200 900 0 0 0 15 0 17 0 mz-b01-b-rail1ecreate name MazeW
1 1275220611 6000 -20400 6000 900 0 0 0 15 0 17 0 mz-b01-b-rail1ecreate name MazeW
1 1275220612 6800 -20400 6800 900 0 0 0 15 0 17 0 mz-b01-b-rail1ecreate name MazeW
1 1275220613 6400 -20400 7200 0 0 0 0 15 0 17 0 mz-b01-b-rail1ecreate name MazeW
1 1275220613 6800 -20400 7600 900 0 0 0 15 0 17 0 mz-b01-b-rail1ecreate name MazeW
1 1275220614 6400 -20400 8000 0 0 0 0 15 0 17 0 mz-b01-b-rail1ecreate name MazeW
1 1752870092 6400 -20400 8800 0 0 0 0 15 0 0 0 mz-b01-b-rail1e
1 1161555435 6990 -20400 9535 1800 0 0 0 19 0 0 0 mz-b01-b-streetlamp
1 1161556121 6675 -20400 -1275 0 0 0 0 19 0 0 0 mz-b01-b-streetlamp
1 1275220602 6400 -20400 -800 0 0 0 0 15 0 17 0 mz-b01-b-rail1ecreate name MazeW
1 1275220605 7200 -20400 800 0 0 0 0 15 0 17 0 mz-b01-b-rail1ecreate name MazeW
1 1275220603 7200 -20400 0 0 0 0 0 15 0 17 0 mz-b01-b-rail1ecreate name MazeW
1 1289434924 7600 -20400 1200 900 0 0 0 15 0 17 0 mz-b01-b-rail1ecreate name MazeW
1 1289434924 7200 -20400 1600 0 0 0 0 15 0 17 0 mz-b01-b-rail1ecreate name MazeW
1 1275220606 7600 -20400 2000 900 0 0 0 15 0 17 0 mz-b01-b-rail1ecreate name MazeW
1 1275220607 7600 -20400 2800 900 0 0 0 15 0 17 0 mz-b01-b-rail1ecreate name MazeW
1 1289434926 7200 -20400 3200 0 0 0 0 15 0 17 0 mz-b01-b-rail1ecreate name MazeW
1 1289434927 7600 -20400 3600 900 0 0 0 15 0 17 0 mz-b01-b-rail1ecreate name MazeW
1 1275220610 7200 -20400 4800 0 0 0 0 15 0 17 0 mz-b01-b-rail1ecreate name MazeW
1 1275220609 7200 -20400 4000 0 0 0 0 15 0 17 0 mz-b01-b-rail1ecreate name MazeW
1 1275220611 7600 -20400 5200 900 0 0 0 15 0 17 0 mz-b01-b-rail1ecreate name MazeW
1 1275220612 7200 -20400 6400 0 0 0 0 15 0 17 0 mz-b01-b-rail1ecreate name MazeW
1 1275220612 7600 -20400 6000 900 0 0 0 15 0 17 0 mz-b01-b-rail1ecreate name MazeW
1 1289434931 7200 -20400 7200 0 0 0 0 15 0 17 0 mz-b01-b-rail1ecreate name MazeW
1 1752870089 7200 -20400 8800 0 0 0 0 15 0 0 0 mz-b01-b-rail1e
1 1275220614 7200 -20400 8000 0 0 0 0 15 0 17 0 mz-b01-b-rail1ecreate name MazeW
1 1161555446 7550 -20400 9650 1800 0 0 0 14 0 0 0 mz-b01-p-palm1
1 1161556121 7425 -20400 -1425 0 0 0 0 14 0 0 0 mz-b01-p-palm1
1 1275220603 7200 -20400 -800 0 0 0 0 15 0 17 0 mz-b01-b-rail1ecreate name MazeW
1 1275220605 8400 -20400 400 900 0 0 0 15 0 17 0 mz-b01-b-rail1ecreate name MazeW
1 1275220603 8000 -20400 0 0 0 0 0 15 0 17 0 mz-b01-b-rail1ecreate name MazeW
1 1275220606 8000 -20400 1600 0 0 0 0 15 0 17 0 mz-b01-b-rail1ecreate name MazeW
1 1275220605 8400 -20400 1200 900 0 0 0 15 0 17 0 mz-b01-b-rail1ecreate name MazeW
1 1275220608 8400 -20400 2800 900 0 0 0 15 0 17 0 mz-b01-b-rail1ecreate name MazeW
1 1275220606 8400 -20400 2000 900 0 0 0 15 0 17 0 mz-b01-b-rail1ecreate name MazeW
1 1275220609 8400 -20400 3600 900 0 0 0 15 0 17 0 mz-b01-b-rail1ecreate name MazeW
1 1275220609 8400 -20400 4400 900 0 0 0 15 0 17 0 mz-b01-b-rail1ecreate name MazeW
1 1275220609 8000 -20400 4000 0 0 0 0 15 0 17 0 mz-b01-b-rail1ecreate name MazeW
1 1275220611 8400 -20400 5200 900 0 0 0 15 0 17 0 mz-b01-b-rail1ecreate name MazeW
1 1275220613 8400 -20400 6800 900 0 0 0 15 0 17 0 mz-b01-b-rail1ecreate name MazeW
1 1275220612 8400 -20400 6000 900 0 0 0 15 0 17 0 mz-b01-b-rail1ecreate name MazeW
1 1275220613 8000 -20400 7200 0 0 0 0 15 0 17 0 mz-b01-b-rail1ecreate name MazeW
1 1275220614 8400 -20400 7600 900 0 0 0 15 0 17 0 mz-b01-b-rail1ecreate name MazeW
1 1752870069 8800 -20400 8800 0 0 0 0 15 0 0 0 mz-b01-b-rail1e
1 1275220615 8800 -20400 8400 0 0 0 0 20 0 17 0 mz-b01-b-mshopcor1bbcreate name MazeW
1 1275220614 8000 -20400 8000 0 0 0 0 15 0 17 0 mz-b01-b-rail1ecreate name MazeW
1 1752870073 8000 -20400 8800 0 0 0 0 15 0 0 0 mz-b01-b-rail1e
1 1161522785 8815 -19630 8445 2700 0 0 0 19 0 0 0 mz-b01-b-mshoptop3f
1 1752870054 8800 -20400 8000 0 0 0 0 15 0 0 0 mz-b01-b-rail1e
1 1161556128 8075 -20400 -1275 0 0 0 0 19 0 0 0 mz-b01-b-streetlamp
1 1275220604 8400 -20400 -400 900 0 0 0 15 0 17 0 mz-b01-b-rail1ecreate name MazeW
1 1275220603 8000 -20400 -800 0 0 0 0 15 0 17 0 mz-b01-b-rail1ecreate name MazeW
1 1161556088 9300 -20400 150 2700 0 0 0 19 0 0 0 mz-b01-b-streetlamp
1 1161556090 9450 -20400 750 2700 0 0 0 14 0 0 0 mz-b01-p-palm1
1 1161556091 9300 -20400 1550 2700 0 0 0 19 0 0 0 mz-b01-b-streetlamp
1 1161556091 9450 -20400 2250 2700 0 0 0 14 0 0 0 mz-b01-p-palm1
1 1161556095 9300 -20400 3150 2700 0 0 0 19 0 0 0 mz-b01-b-streetlamp
1 1161556092 9450 -20400 3900 2700 0 0 0 14 0 0 0 mz-b01-p-palm1
1 1161556094 9300 -20400 4900 2700 0 0 0 19 0 0 0 mz-b01-b-streetlamp
1 1161556092 9450 -20400 5650 2700 0 0 0 14 0 0 0 mz-b01-p-palm1
1 1161556095 9300 -20400 6300 2700 0 0 0 19 0 0 0 mz-b01-b-streetlamp
1 1161556094 9450 -20400 7450 2700 0 0 0 14 0 0 0 mz-b01-p-palm1
1 1752870066 9600 -20400 8800 0 0 0 0 15 0 0 0 mz-b01-b-rail1e
1 1752870057 9600 -20400 8000 0 0 0 0 15 0 0 0 mz-b01-b-rail1e
1 1161914707 9950 -20400 8400 2700 0 0 0 17 13 48 0 mz-a01-b-arcade1aTake me HOME!activate teleport mion 59.11S 32.95W -10.49a 147
1 1161556128 9225 -20400 -1425 0 0 0 0 14 0 0 0 mz-b01-p-palm1
1 1161556087 9300 -20400 -1150 2700 0 0 0 19 0 0 0 mz-b01-b-streetlamp
1 1161556088 9450 -20400 -550 2700 0 0 0 14 0 0 0 mz-b01-p-palm1
1 1752870002 10100 -20400 3150 2700 0 0 0 16 0 82 0 mz-b01-b-billbrdcreate picture http://connect.miuchiz.com/objects/signs/b_sign_earringsnthings.jpg
1 1161701071 10940 -20850 4339 2700 0 0 0 12 0 0 0 buildblock20
1 1752870063 10400 -20400 8800 0 0 0 0 15 0 0 0 mz-b01-b-rail1e
1 1752870161 10800 -20400 8400 900 0 0 0 15 0 0 0 mz-b01-b-rail1e
1 1752870060 10400 -20400 8000 0 0 0 0 15 0 0 0 mz-b01-b-rail1e
1 1161701046 -2710 -20850 4889 900 0 0 0 12 0 0 0 buildblock20
1 1161657766 -1300 -20400 400 900 0 0 0 19 0 0 0 mz-b01-b-streetlamp
1 1161657766 -1300 -20400 1800 900 0 0 0 19 0 0 0 mz-b01-b-streetlamp
1 1161657959 -1300 -20365 1050 900 0 0 0 14 0 0 0 mz-b01-p-palm1
1 1161657780 -1300 -20400 2800 900 0 0 0 14 0 0 0 mz-b01-p-palm1
1 1161657766 -1300 -20400 3550 900 0 0 0 19 0 0 0 mz-b01-b-streetlamp
1 1161657781 -1300 -20400 4450 900 0 0 0 14 0 0 0 mz-b01-p-palm1
1 1161657781 -1300 -20400 5950 900 0 0 0 14 0 0 0 mz-b01-p-palm1
1 1161657793 -1550 -20400 5000 900 0 0 0 16 0 35 0 mz-b01-b-billbrdcreate picture mz-b01-billbrd01.jpg
1 1161657766 -1300 -20400 5150 900 0 0 0 19 0 0 0 mz-b01-b-streetlamp
1 1161657766 -1300 -20400 6550 900 0 0 0 19 0 0 0 mz-b01-b-streetlamp
1 1161657766 -1300 -20400 7850 900 0 0 0 19 0 0 0 mz-b01-b-streetlamp
1 1161657781 -1300 -20400 7250 900 0 0 0 14 0 0 0 mz-b01-p-palm1
1 1161657781 -1300 -20400 8550 900 0 0 0 14 0 0 0 mz-b01-p-palm1
1 1161657780 -1300 -20400 -750 900 0 0 0 14 0 0 0 mz-b01-p-palm1
1 1275220598 -400 -20400 400 900 0 0 0 15 0 17 0 mz-b01-b-rail1ecreate name MazeW
1 1275220598 -400 -20400 1200 900 0 0 0 15 0 17 0 mz-b01-b-rail1ecreate name MazeW
1 1275220599 -400 -20400 2800 900 0 0 0 15 0 17 0 mz-b01-b-rail1ecreate name MazeW
1 1275220599 -400 -20400 2000 900 0 0 0 15 0 17 0 mz-b01-b-rail1ecreate name MazeW
1 1275220599 -400 -20400 3600 900 0 0 0 15 0 17 0 mz-b01-b-rail1ecreate name MazeW
1 1275220599 -400 -20400 4400 900 0 0 0 15 0 17 0 mz-b01-b-rail1ecreate name MazeW
1 1275220599 -400 -20400 5200 900 0 0 0 15 0 17 0 mz-b01-b-rail1ecreate name MazeW
1 1275220600 -400 -20400 6800 900 0 0 0 15 0 17 0 mz-b01-b-rail1ecreate name MazeW
1 1275220600 -400 -20400 6000 900 0 0 0 15 0 17 0 mz-b01-b-rail1ecreate name MazeW
1 1275220600 -400 -20400 7600 900 0 0 0 15 0 17 0 mz-b01-b-rail1ecreate name MazeW
1 1752870115 -400 -20400 8400 900 0 0 0 15 0 0 0 mz-b01-b-rail1e
1 1161555298 -750 -20400 9650 1800 0 0 0 14 0 0 0 mz-b01-p-palm1
1 1161556127 -75 -20400 -1425 0 0 0 0 14 0 0 0 mz-b01-p-palm1
1 1161555485 -800 -20400 -1200 900 0 0 0 19 0 0 0 mz-b01-b-streetlamp
1 1275220604 -400 -20400 -400 900 0 0 0 15 0 17 0 mz-b01-b-rail1ecreate name MazeW