atdump version 4
0 Y
1 N
2 Y
3 Y
4 Y
5 Y
6 Y
7 Y
8 Y
9 N
10 128
11 128
12 128
13 1
14 
15 1
17 1
18 1.000000
19 30000
20 
21 0
22 0.000000
23 0.000000
24 
25 0.000000
26 cloud_strat1m
27 170
28 0.000000
29 0.500000
30 cloud_strat1
31 4.000000
32 cloud_strat1
33 205
34 0.500000
35 0.000000
36 cloud_strat1
37 1.000000
39 N
40 N
41 Y
42 1
43 1
44 N
45 Y
46 *
47 0.00S 0.00W 7.55a 180
49 210
50 Y
51 181
52 1200
53 800
54 174
55 1.000000
56 mionground.awg
57 http://mion.activeworlds.com/map.php
58 
59 222
60 Y
61 Y
62 25
63 248
64 c_sun
65 254
66 c_sun
67 -7.670000
68 -5.800000
69 4.480000
70 200
72 150
74 86a8e2b16767aa6d630778a91e
76 http://connect.miuchiz.com/objects
77 10080
78 1
79 1
80 N
81 0
83 
84 205
85 170
86 163
87 205
88 170
89 163
90 205
91 170
92 163
93 205
94 170
95 163
96 237
97 177
98 165
99 205
100 170
101 163
102 
103 
104 
105 *
106 1
107 1
108 1.000000
109 1.000000
110 -40.000000
112 
113 
114 215
115 
116 
117 Y
118 146
119 -6.000000
120 
121 192
122 100
123 0.500000
124 0.050000
125 water1_top
126 Y
127 400
128 0.050000
129 Please walk straight ahead to the help center
130 N
131 
132 0.00S 0.00W 7.55a 180
133 N
134 N
135 N
136 Y
137 1.000000
138 2.000000
139 N
140 8.600000
141 86.000000
142 N
143 N
144 16777215
145 Y
146 30
147 60
148 1
149 N
150 Y
151 move rotate