atdump version 4
0 Y
1 N
2 Y
3 Y
4 Y
5 Y
6 Y
7 Y
8 Y
9 N
10 167
11 167
12 167
13 1
14 
15 1
17 1
18 -1.000000
19 30000
20 cloud_strat1m
21 124
22 1.000000
23 1.000000
24 cloud_strat4
25 2.000000
26 cloud_strat1m
27 105
28 1.000000
29 0.400000
30 cloud_strat4
31 6.000000
32 cloud_strat1m
33 229
34 0.900000
35 0.500000
36 cloud_strat4
37 1.000000
39 N
40 N
41 Y
42 1
43 1
44 Y
45 Y
46 *
47 10.80N 4.67W 3a 84
49 143
50 Y
51 148
52 250
53 1
54 182
55 1.000000
56 
57 http://mion.activeworlds.com/map.php
58 
59 100
60 Y
61 N
62 10
63 251
64 c_sun
65 255
66 c_sun
67 -4.780000
68 -5.510000
69 -10.000000
70 10
72 200
74 86a8e2b16767aa6d630778a91e
76 http://connect.miuchiz.com/objects
77 10080
78 1
79 1
80 N
81 0
83 
84 21
85 2
86 0
87 242
88 125
89 91
90 235
91 112
92 65
93 228
94 67
95 27
96 120
97 95
98 90
99 224
100 87
101 75
102 
103 
104 
105 *
106 1
107 1
108 1.000000
109 1.000000
110 0.000000
112 Monster Tag
113 
114 250
115 
116 
117 N
118 209
119 -0.100000
120 cloud_strat1
121 179
122 173
123 0.500000
124 0.000000
125 cloud_strat1
126 Y
127 60
128 0.000000
129 Welcome to Monster Tag!  Get close to a player and left click them to Tag them, then RUN AWAY before they tag you back!
130 N
131 
132 
133 N
134 N
135 N
136 Y
137 1.000000
138 2.000000
139 Y
140 10.000000
141 45.000000
142 Y
143 N
144 14208971
145 Y
146 60
147 360
148 1
149 N
150 N
151 move rotate