propdump version 4
1 1161771301 450 0 7050 0 0 0 0 16 0 0 0 mz-m01-b-statue1
1 1161771233 267 -100 14160 1800 0 0 0 16 0 19 0 mz-p01-p-tree03sxcreate visible off
1 1161771384 1350 0 7050 0 0 0 0 16 0 0 0 mz-m01-b-statue1
1 1152644967 2600 1050 3625 900 0 0 0 12 9 27 0 icn-soundsrcJungle 10activate noise jungle10.wav
1 1152644985 2800 650 3625 900 0 0 0 12 28 27 0 icn-soundsrcWork darnit!  >_<  Jungle 11activate noise jungle11.wav
1 1152644967 2600 1300 3625 900 0 0 0 12 8 26 0 icn-soundsrcJungle 4activate noise jungle4.wav
1 1152644984 2800 900 3625 900 0 0 0 12 8 26 0 icn-soundsrcJungle 5activate noise jungle5.wav
1 1150232383 2700 0 5372 2400 0 0 0 17 0 0 0 mz-m01-p-lrgpalm2
1 1150232383 2700 0 5372 1350 0 0 0 17 0 0 0 mz-m01-p-lrgpalm5
1 1150232383 2700 0 5372 3150 0 0 0 17 0 0 0 mz-m01-p-lrgpalm9
1 1151697609 2684 -50 7395 3428 85 289 0 16 0 0 0 mz-m01-b-block01
1 1161771387 2250 0 7050 0 0 0 0 16 0 0 0 mz-m01-b-statue1
1 1151946847 2310 0 16284 1200 0 0 0 18 0 0 0 mz-m01-b-homeroc1A
1 1152643551 3200 0 4000 0 0 0 0 16 0 0 0 mz-m01-b-block01
1 1152643551 3600 0 4000 0 0 0 0 16 0 0 0 mz-m01-b-block01
1 1152638620 3000 0 4000 0 0 0 0 17 0 0 0 mz-m01-b-pillar01
1 1152643551 3800 0 4000 0 0 0 0 16 0 0 0 mz-m01-b-block01
1 1152643551 3400 0 4000 0 0 0 0 16 0 0 0 mz-m01-b-block01
1 1152638676 3000 0 5450 0 0 0 0 16 0 0 0 mz-m01-b-block01
1 1152638682 3000 0 5850 0 0 0 0 16 0 0 0 mz-m01-b-block01
1 1149880475 3940 -50 5675 3428 85 289 0 16 0 0 0 mz-m01-b-block01
1 1152638682 3000 0 5650 0 0 0 0 16 0 0 0 mz-m01-b-block01
1 1152638616 3000 0 5000 0 0 0 0 17 0 0 0 mz-m01-b-pillar01
1 1152638674 3000 0 5250 0 0 0 0 16 0 0 0 mz-m01-b-block01
1 1152638694 3800 0 6400 0 0 0 0 16 0 0 0 mz-m01-b-block01
1 1150230874 3674 0 6275 3300 0 0 0 17 0 0 0 mz-m01-p-lrgpalm5
1 1152638712 3674 0 6275 1500 0 0 0 17 0 0 0 mz-m01-p-lrgpalm9
1 1152638695 3600 0 6400 0 0 0 0 16 0 0 0 mz-m01-b-block01
1 1152638707 3000 0 6250 0 0 0 0 16 0 0 0 mz-m01-b-block01
1 1150230874 3674 0 6275 750 0 0 0 17 0 0 0 mz-m01-p-lrgpalm2
1 1152638707 3000 0 6450 0 0 0 0 17 0 0 0 mz-m01-b-pillar01
1 1152638713 3400 0 6400 0 0 0 0 16 0 0 0 mz-m01-b-block01
1 1152638683 3000 0 6050 0 0 0 0 16 0 0 0 mz-m01-b-block01
1 1152638715 3200 0 6400 0 0 0 0 16 0 0 0 mz-m01-b-block01
1 1161778479 3671 300 10696 3519 -678 392 0 16 0 0 0 mz-m01-b-statue1
1 1151946867 3229 150 11060 1500 0 0 0 7 0 0 0 fernsun
1 1161775628 3437 550 20491 1650 0 0 0 18 0 0 0 mz-m01-b-homeroc1A
1 1152643551 4000 0 4000 0 0 0 0 16 0 0 0 mz-m01-b-block01
1 1152643552 4200 0 4000 0 0 0 0 16 0 0 0 mz-m01-b-block01
1 1152643552 4800 0 4000 0 0 0 0 16 0 0 0 mz-m01-b-block01
1 1152643552 4600 0 4000 0 0 0 0 16 0 0 0 mz-m01-b-block01
1 1152643551 4400 0 4000 0 0 0 0 16 0 0 0 mz-m01-b-block01
1 1150471271 4951 0 4250 3598 -30 -30 0 17 0 0 0 mz-m01-p-hvntree1
1 1150231640 4046 0 4636 3450 0 0 0 14 0 0 0 mz-m01-p-fern2
1 1149865257 4950 0 5999 0 0 0 0 16 0 0 0 mz-m01-b-block02
1 1151682362 4630 0 5129 1200 0 0 0 7 0 0 0 fernsun
1 1149879171 4000 0 6400 0 0 0 0 16 0 0 0 mz-m01-b-block01
1 1149873525 4750 200 6200 0 0 0 0 16 0 0 0 mz-m01-b-block02
1 1150231706 4161 400 6100 0 0 0 0 17 0 0 0 mz-m01-p-hvntree1
1 1149870721 4950 450 6200 0 0 0 0 17 0 0 0 mz-m01-b-pillar01
1 1149879171 4000 0 6600 0 0 0 0 16 0 0 0 mz-m01-b-block01
1 1149873519 4650 0 6199 0 0 0 0 16 0 0 0 mz-m01-b-block02
1 1149879170 4000 0 6800 0 0 0 0 16 0 0 0 mz-m01-b-block01
1 1149879170 4000 0 7400 0 0 0 0 16 0 0 0 mz-m01-b-block01
1 1149879180 4000 0 7800 0 0 0 0 16 0 0 0 mz-m01-b-block01
1 1152638631 4000 0 7150 0 0 0 0 16 0 0 0 mz-m01-b-block01
1 1149879170 4000 0 7600 0 0 0 0 16 0 0 0 mz-m01-b-block01
1 1149879170 4000 0 7000 0 0 0 0 16 0 0 0 mz-m01-b-block01
1 1149879116 4950 0 8000 0 0 0 0 16 0 0 0 mz-m01-b-block01
1 1149879117 4750 0 8000 0 0 0 0 16 0 0 0 mz-m01-b-block01
1 1149879118 4350 0 8000 0 0 0 0 16 0 0 0 mz-m01-b-block01
1 1149879205 4000 0 8000 0 0 0 0 17 0 0 0 mz-m01-b-pillar01
1 1149879118 4150 0 8000 0 0 0 0 16 0 0 0 mz-m01-b-block01
1 1149879117 4550 0 8000 0 0 0 0 16 0 0 0 mz-m01-b-block01
1 1150231598 5983 0 3723 2250 0 0 0 14 0 0 0 mz-m01-p-fern2
1 1150231582 5221 0 3550 2850 0 0 0 14 0 0 0 mz-m01-p-fern3
1 1149879276 5939 50 3203 3436 -1179 54 0 16 0 0 0 mz-m01-b-block01
1 1150233023 5853 0 4314 1200 0 0 0 17 0 0 0 mz-m01-p-lrgpalm3
1 1150224260 5900 0 4300 2550 0 0 0 17 0 0 0 mz-m01-p-lrgpalm1
1 1150224263 5878 0 4191 3450 0 0 0 17 0 0 0 mz-m01-p-lrgpalm2
1 1149865254 5150 200 5800 0 0 0 0 16 0 0 0 mz-m01-b-block02
1 1149870781 5350 0 5999 0 0 0 0 16 0 0 0 mz-m01-b-block02
1 1149891516 5033 50 5160 3137 1030 146 0 16 0 0 0 mz-m01-b-block01
1 1149870758 5151 0 5700 0 0 0 0 16 0 0 0 mz-m01-b-block02
1 1149870777 5650 0 6199 0 0 0 0 16 0 0 0 mz-m01-b-block02
1 1149870616 5150 450 6000 0 0 0 0 17 0 0 0 mz-m01-b-pillar01
1 1149870724 5350 450 6200 0 0 0 0 17 0 0 0 mz-m01-b-pillar01
1 1149870711 5150 450 6400 0 0 0 0 17 0 0 0 mz-m01-b-pillar01
1 1149870676 5400 0 6399 0 0 0 0 16 0 0 0 mz-m01-b-block02
1 1149870772 5550 200 6200 0 0 0 0 16 0 0 0 mz-m01-b-block02
1 1151962580 5066 50 7444 2100 0 0 0 7 0 19 0 testreexcreate visible off
1 1149879098 5950 0 8000 0 0 0 0 16 0 0 0 mz-m01-b-block01
1 1149879098 5750 0 8000 0 0 0 0 16 0 0 0 mz-m01-b-block01
1 1149879116 5550 0 8000 0 0 0 0 16 0 0 0 mz-m01-b-block01
1 1149879116 5150 0 8000 0 0 0 0 16 0 0 0 mz-m01-b-block01
1 1149879116 5350 0 8000 0 0 0 0 16 0 0 0 mz-m01-b-block01
1 1161771173 5850 3100 10450 0 0 0 3 0 0 0 210 000080bf000000c0000080bf0000803f000000400000803f00000000bf00008040000000bf0000003f000080400000003f000000000000a04000000000000000000000a0400000000000000000000000000000000000000000000000000000000000000000000000000000000000000000000000000000000000000040000000410000004000008040000080410000804064000000e80300000300b80b000000000000f4010000f4010000ff6d1500ff3e1c000000803f000f0000070000000000000000000000000000635f736f66743167
1 1161910942 5696 50 10936 0 0 0 2 0 0 0 51 0000484300004843000048430000000000803f0000803f4000ffffff000100c409000000000000000000000000000000000000
1 1161770941 5850 3150 10450 0 0 0 3 0 0 0 214 0ad723bc000000000ad723bc0ad7233c000000000ad7233c0000000000000000000000000000000000000000000000000000000000cdcccc3d000000000000000000000000000000000000000000000000000000000000000000000000000000000000000000000000000000000000000000000000000000000000404100004041000040410000c0410000c0410000c041e8030000dc0500000100d007000000000000f4010000f4010000ff881c00fdff9d00295c4f3f000d0000070004000000000000000000000000635f736f667431676c6f7700
1 1161770941 5850 3400 10450 0 0 0 3 0 0 0 210 000000bf00000000000000bf0000003f000080400000003f00000000c000008040000000c0000000400000804100000040000000000000000000000000000000000000000000000000000000000000000000000000000000000000000000000000000000000000000000000000000000000000000000000000cdcc4c3ecdcc4c3ecdcc4c3e0000c03f0000c03f0000c03fc8000000b80b00000800d0070000000000000a000000f4010000fffc6c00ff9122000000803f000e0001070000000000000000000000000000635f736f6674315f
1 1161770941 5850 2850 10450 0 0 0 3 0 0 0 210 cdcc4cbe00000000cdcc4cbecdcc4c3e00000040cdcc4c3e00000000000000000000000000000000000000000000000000000000000000c040000000000000000000000000000000000000000000000000000000000000000000000000000000000000000000000000000000000000000000000000000000000000803f000000410000803f000080400000c0410000804064000000e80300000400c409000000000000f4010000f4010000fff31100ff650900cdcccc3e01010001070000000000000000000000000000635f736f66743147
1 1161781626 5801 50 10411 3150 0 0 0 7 0 28 0 rochut3create texture mz-m01-lava1c
1 1161770941 5850 3900 10300 0 0 0 3 0 0 0 210 000080bf000080bf000080bf0000803f0000803f0000803f000000803f00004040000000000000803f00004040000000000000000000000000000000000000003f000000000000000000000000000000000000000000000000000000000000000000000000000000000000000000000000000000000000000000000041000000410000004100000042000000420000004201000000dc0500000100983a000000000000c4090000d007000000000000000000000000003f00090000070000000000000000000000000000635f736f6674315f
1 1161770941 5850 2630 10450 0 0 0 3 0 0 0 233 000000000000000000000000000000000000000000000000000000000000000000000000000000000000000000000000000000000000000000000000000000000000000000000000000000b44200000000000000000000b44200000000000034430000000000000000000000000000000000000000000000000000003f0000003f000000000000c0400000c04000000000c8000000d00700000100401f000000000000c8000000e8030000fff42200ff8d1c000000803f000100021e00000000000000000000000000006d7a2d6d30312d6c61766131623a6d5f73706f6e67655f726e645f32353636
1 1161770941 5850 3550 10450 0 0 0 3 0 0 0 211 00000000000000000000000000000000000000000000000000000080c000000041000080bf00008040000080410000803f000000000000a0c00000000000000000000020c100000000000000000000000000000000000000000000000000000000000000000000000000000000000000000000000000000000cdcccc3dcdcccc3d0000803fcdcc4c3fcdcc4c3f0000803f32000000780000000800d007000000000000f4010000e8030000f9ff0d00fd8331000000803f00020000080000000000000000000000000000705f62757273743400
1 1160601550 5350 0 12805 3450 0 0 0 16 0 0 0 mz-m01-b-rochut1
1 1151946890 5900 0 26400 0 0 0 0 18 0 0 0 mz-m01-b-homeroc1a
1 1149884163 6200 -50 3350 3160 -108 106 0 16 0 0 0 mz-m01-b-block01
1 1149888820 6092 -100 3780 1113 -281 145 0 16 0 0 0 mz-m01-b-block01
1 1149879071 6995 -20 3850 0 -150 0 0 16 0 0 0 mz-m01-b-block01
1 1150232988 6164 0 4229 1500 0 0 0 17 0 0 0 mz-m01-p-lrgpalm5
1 1150230796 6351 0 4100 0 0 0 0 17 0 0 0 mz-m01-p-hvntree1
1 1150233000 6681 0 4477 1350 0 0 0 17 0 0 0 mz-m01-p-lrgpalm1
1 1150232993 6704 0 4467 1350 0 0 0 17 0 0 0 mz-m01-p-lrgpalm8
1 1150225854 6950 0 5400 0 0 0 0 17 0 0 0 mz-m01-b-pillar01
1 1149879083 6950 0 5800 0 0 0 0 16 0 0 0 mz-m01-b-block01
1 1150231797 6076 -400 5564 2850 0 0 0 17 0 0 0 mz-m01-p-hvntree2
1 1150225860 6950 0 5600 0 0 0 0 16 0 0 0 mz-m01-b-block01
1 1149879083 6950 0 6400 0 0 0 0 16 0 0 0 mz-m01-b-block01
1 1149879083 6950 0 6800 0 0 0 0 16 0 0 0 mz-m01-b-block01
1 1149879083 6950 0 6000 0 0 0 0 16 0 0 0 mz-m01-b-block01
1 1150225829 6950 0 6600 0 0 0 0 17 0 0 0 mz-m01-b-pillar01
1 1149879083 6950 0 6200 0 0 0 0 16 0 0 0 mz-m01-b-block01
1 1149879083 6950 0 7600 0 0 0 0 16 0 0 0 mz-m01-b-block01
1 1149879083 6950 0 7400 0 0 0 0 16 0 0 0 mz-m01-b-block01
1 1149879083 6950 0 7000 0 0 0 0 16 0 0 0 mz-m01-b-block01
1 1149879106 6950 0 7800 0 0 0 0 16 0 0 0 mz-m01-b-block01
1 1149879083 6950 0 7200 0 0 0 0 16 0 0 0 mz-m01-b-block01
1 1149879098 6150 0 8000 0 0 0 0 16 0 0 0 mz-m01-b-block01
1 1149879101 6950 0 8000 0 0 0 0 17 0 0 0 mz-m01-b-pillar01
1 1149879195 6750 0 8000 0 0 0 0 16 0 0 0 mz-m01-b-block01
1 1149879098 6550 0 8000 0 0 0 0 16 0 0 0 mz-m01-b-block01
1 1149879098 6350 0 8000 0 0 0 0 16 0 0 0 mz-m01-b-block01
1 1161777174 6877 2160 9316 1650 0 0 0 5 16 36 0 sign3Viewing Platformcreate sign bcolor=brown color=black
1 1153174304 6441 850 16461 2250 0 0 0 16 0 36 0 mz-m01-b-block01create light, visible off, solid off
1 1151935184 6981 1350 20811 0 0 0 3 0 0 0 211 000000c0000000000000000000000040000000000000000000000040c000000000000040c00000a0c0000000000000a0c00000000000000000000000000000000000000000000000000000344200000000000000000000344200000000000000000000000000000000000000000000000000000000000000000000204100000000000020410000f0410000484200002041640000002c0100000300ac0d00000000000064000000010000000abce200f5f8fe009a99193f010f0000080000000000000000000000000000635f6e6562756c6177
1 1150233090 7939 0 4851 750 0 0 0 17 0 0 0 mz-m01-p-lrgpalm2
1 1149879071 7000 0 4000 0 0 0 0 16 0 0 0 mz-m01-b-block01
1 1150233072 7914 0 4894 2550 0 0 0 17 0 0 0 mz-m01-p-lrgpalm6
1 1149879071 7000 0 4200 0 0 0 0 16 0 0 0 mz-m01-b-block01
1 1150232954 7730 0 4211 939 -85 -145 0 17 0 0 0 mz-m01-p-hvntree1
1 1150233065 7914 0 4894 1500 0 0 0 17 0 0 0 mz-m01-p-lrgpalm2
1 1149879066 7000 0 4400 0 0 0 0 17 0 0 0 mz-m01-b-pillar01
1 1150471286 7101 0 6200 0 -30 0 0 17 0 0 0 mz-m01-p-hvntree3
1 1150226075 7790 50 6896 2507 1133 99 0 16 0 0 0 mz-m01-b-block01
1 1150226108 7544 0 6707 3450 0 0 0 17 0 0 0 mz-m01-p-lrgpalm6
1 1150226124 7479 0 6687 2250 0 0 0 17 0 0 0 mz-m01-p-lrgpalm9
1 1162048178 7279 2010 8229 1650 -900 0 0 5 0 54 0 sign7create visible off; bump teleport 8.80N 7.07W 3.15a 30
1 1161777238 7367 2110 8665 1650 -900 0 0 5 0 18 0 sign7create visible off
1 1162048171 7607 2010 8730 1650 -900 0 0 5 0 54 0 sign7create visible off; bump teleport 8.80N 7.07W 3.15a 30
1 1161776719 7330 2125 8860 3450 0 0 0 14 0 0 0 sv-rhplatform4
1 1162259531 7221 2245 8824 0 0 0 2 0 0 0 51 0000804100002041000080410001000000c0400000803f4000ffffff000100c409000000000000000000000000000000000000
1 1162048175 7711 2010 8346 1650 -900 0 0 5 0 54 0 sign7create visible off; bump teleport 8.80N 7.07W 3.15a 30
1 1162048182 7071 2010 8997 1650 -900 0 0 5 0 54 0 sign7create visible off; bump teleport 8.80N 7.07W 3.15a 30
1 1162048231 7319 1510 8652 1650 -900 0 0 5 0 54 0 sign7create visible off; bump teleport 8.80N 7.07W 3.15a 30
1 1162048162 7175 2010 8613 1650 -900 0 0 5 0 54 0 sign7create visible off; bump teleport 8.80N 7.07W 3.15a 30
1 1161778064 7221 2145 8824 3010 -460 -689 0 5 0 0 0 rock5
1 1161777144 7786 2155 8399 3450 0 0 0 5 16 36 0 sign3Viewing Platformcreate sign bcolor=brown color=black
1 1162048235 7703 1510 8756 1650 -900 0 0 5 0 54 0 sign7create visible off; bump teleport 8.80N 7.07W 3.15a 30
1 1162048187 7503 2010 9114 1650 -900 0 0 5 0 54 0 sign7create visible off; bump teleport 8.80N 7.07W 3.15a 30
1 1150232847 7740 350 9585 750 0 0 0 17 0 0 0 mz-m01-p-hvntree1
1 1151704297 7631 0 14101 2700 0 0 0 16 0 0 0 mz-m01-b-rochut1
1 1152638361 7456 50 17476 0 0 0 3 0 0 0 210 000000000000000000000000000000000000000000000000000000000000000000000000000000000000000000000000000000000000000000000000000000000000000000000000000000000000003442000034420000000000003442000034420000000000000000000000000000000000000000000000000000a0400000b041000000400000a0400000b041000000401027000010270000010010270000000000000000000000000000feffd200feffd2000000003f02010001070000000000000000000000000000635f736f66743100
1 1153273867 7344 50 17861 1950 0 0 0 15 10 93 0 mz-m01-f-roc_tvPlay Videocreate sign bcolor=black;activate media url=C:\ART\DEVDAS.mpg res=256 osd=off fx=3d radius=20
1 1151946844 7351 0 17371 2250 0 0 0 18 0 0 0 mz-m01-b-homeroc1A
1 1152638356 7456 150 17476 0 0 0 3 0 0 0 208 000080bf00000000000080bf0000803f000020410000803f000ad7a3bd0ad7a3bd0ad7a3bd0ad7a33d0ad7a33d0ad7a33d0000000000000000000000000000000000000000000000000000000000000000000000000000000000000000000000000000000000000000000000000000000000000000000000008fc2f53c8fc2f53c8fc2f53c0ad7233c0ad7233c0ad7233c64000000640000000800d007000000000000f4010000f4010000e4e4e400ffffff000000803f02000000050000000000000000000000000000635f73756e74
1 1150232824 8969 -350 4392 750 0 0 0 17 0 0 0 mz-m01-p-hvntree2
1 1149884105 8316 100 4574 3047 1075 436 0 16 0 0 0 mz-m01-b-block01
1 1150226071 8859 0 5701 3150 0 0 0 17 0 0 0 mz-m01-b-pillar01
1 1150226073 8046 0 6514 3150 0 0 0 17 0 0 0 mz-m01-b-pillar01
1 1150233252 8970 -10 6010 3450 0 0 0 8 0 0 0 fernsun2
1 1150233239 8378 -15 6674 3450 0 0 0 8 0 0 0 fernsun2
1 1150233258 8966 -10 6215 750 0 0 0 8 0 0 0 fernsun3
1 1150232880 8325 0 6852 750 0 0 0 17 0 0 0 mz-m01-p-hvntree1
1 1150233226 8074 35 7416 2550 0 0 0 7 0 0 0 fernsun
1 1150233144 8420 0 7255 600 0 0 0 14 0 0 0 mz-m01-p-fern2
1 1151697160 8200 0 8900 2700 0 0 0 12 0 0 0 testmhouse02
1 1149880443 8742 0 8667 2164 437 -18 0 16 0 0 0 mz-m01-b-block01
1 1150233121 8576 0 8223 3450 -300 0 0 17 0 0 0 mz-m01-p-lrgpalm6
1 1150224364 8571 200 9769 2850 0 0 0 17 0 0 0 mz-m01-p-lrgpalm6
1 1150224372 8518 300 9770 300 0 0 0 17 0 0 0 mz-m01-p-lrgpalm7
1 1151935170 8231 2600 20961 0 0 0 3 0 0 0 211 000000c0000000000000000000000040000000000000000000000040c000000000000040c00000a0c0000000000000a0c00000000000000000000000000000000000000000000000000000344200000000000000000000344200000000000000000000000000000000000000000000000000000000000000000000204100000000000020410000f0410000484200002041640000002c0100000300ac0d00000000000064000000010000000abce200f5f8fe009a99193f010f0000080000000000000000000000000000635f6e6562756c6177
1 1151935031 8500 0 27200 450 0 0 0 16 0 0 0 mz-m01-b-rochut1
1 1150232781 9373 450 3874 750 -150 0 0 17 0 0 0 mz-m01-p-hvntree1
1 1150232830 9664 -250 4889 151 23 -39 0 17 0 0 0 mz-m01-p-hvntree2
1 1149884114 9998 150 6190 3252 -567 425 0 16 0 0 0 mz-m01-b-block01
1 1150233183 9314 0 6905 600 0 0 0 7 0 0 0 fernsun
1 1150232819 9096 0 6089 1950 0 0 0 17 0 0 0 mz-m01-p-lrgpalm6
1 1150232820 9162 0 6073 750 0 0 0 17 0 0 0 mz-m01-p-lrgpalm9
1 1150232845 9804 0 7098 750 0 0 0 17 0 0 0 mz-m01-p-hvntree1
1 1150233200 9517 0 7253 600 0 0 0 14 0 0 0 mz-m01-p-fern2
1 1150233179 9352 0 7180 1650 0 0 0 8 0 0 0 fernsun3
1 1149880126 9656 0 9804 3150 0 0 0 17 0 0 0 mz-m01-b-pillar01
1 1150226041 9213 50 10019 296 154 -10 0 16 0 0 0 mz-m01-b-block02
1 1150225991 9883 -50 11908 1650 0 0 0 7 0 19 0 testreexcreate visible off
1 1151946893 9600 0 24750 900 0 0 0 18 0 0 0 mz-m01-b-homeroc1a
1 1150232809 10496 0 3548 750 0 0 0 17 0 0 0 mz-m01-p-hvntree3
1 1150232878 10895 200 3770 750 -150 0 0 17 0 0 0 mz-m01-p-hvntree1
1 1150232659 10726 0 5868 1950 0 0 0 7 0 0 0 fernsun
1 1150232659 10461 0 7795 3150 0 0 0 17 0 0 0 mz-m01-p-lrgpalm2
1 1150232659 10461 0 7795 300 0 0 0 17 0 0 0 mz-m01-p-lrgpalm9
1 1150224400 10918 0 7878 3252 1084 425 0 16 0 0 0 mz-m01-b-block01
1 1150232659 10461 0 7795 2100 0 0 0 17 0 0 0 mz-m01-p-lrgpalm5
1 1150232684 10578 0 8240 750 0 0 0 17 0 0 0 mz-m01-p-hvntree1
1 1153280037 10187 200 8706 3519 -978 392 0 16 0 0 0 mz-m01-b-statue1
1 1150225939 10294 0 9166 3150 0 0 0 17 0 0 0 mz-m01-b-pillar01
1 1150225964 10661 -50 9065 2876 -173 -31 0 16 0 0 0 mz-m01-b-block02
1 1150232660 11649 0 5784 750 0 0 0 16 0 0 0 mz-m01-b-block02
1 1150232659 11184 75 5926 2685 0 0 0 24 66 16 0 ../avatars/plantguy5.rwxThis is MY domain! Find another hole to crawl into, you carbonite!create solid off
1 1150232660 11211 0 6650 750 0 0 0 16 0 0 0 mz-m01-b-block01
1 1150232660 11075 -50 6676 578 85 289 0 16 0 0 0 mz-m01-b-block01
1 1150232683 11786 -50 7392 2550 0 0 0 7 0 19 0 testreexcreate visible off
1 1150232660 11657 -50 9524 578 85 289 0 16 0 0 0 mz-m01-b-block01
1 1149883832 11893 0 13517 3150 0 0 0 16 0 0 0 mz-m01-b-block01
1 1149883849 11624 0 13786 3150 0 0 0 16 0 0 0 mz-m01-b-block02
1 1149883846 11624 350 13786 3150 0 0 0 17 0 0 0 mz-m01-b-pillar01
1 1149883843 11752 0 13658 3150 0 0 0 16 0 0 0 mz-m01-b-block01
1 1151934993 11050 0 21600 900 0 0 0 16 0 0 0 mz-m01-b-rochut1
1 1161772384 12980 800 9632 0 0 0 3 0 0 0 212 000000c000008040000000c00000004000008040000000400000000000000040c10000000000000000000070c10000000000000000000000c00000000000000000000000c0000000000000000000000000000000000000000000000000000000000000344300003443000000000000000000000000000034430ad7233d0000803f0000803f0ad7233d0000803f0000803f64000000640000002700f401000000000000c8000000c8000000ffffff00ffffff00713d8a3e011c0001090000000000000000000000000000705f7261696e6472705f
1 1149870236 12456 0 12954 3150 0 0 0 17 0 0 0 mz-m01-b-pillar01
1 1149870321 12569 350 12841 3150 0 0 0 17 0 0 0 mz-m01-b-pillar01
1 1149870319 12849 350 12561 3150 0 0 0 17 0 0 0 mz-m01-b-pillar01
1 1149866032 12569 395 12561 2250 0 0 0 5 4 35 0 sign3RUINcreate solid off, sign bcolor=black
1 1149870239 12954 0 12456 3150 0 0 0 17 0 0 0 mz-m01-b-pillar01
1 1149883831 12175 0 13235 3150 0 0 0 16 0 0 0 mz-m01-b-block01
1 1149883832 12034 0 13376 3150 0 0 0 16 0 0 0 mz-m01-b-block01
1 1149883831 12316 0 13094 3150 0 0 0 16 0 0 0 mz-m01-b-block01
1 1149883821 13657 0 11753 3150 0 0 0 16 0 0 0 mz-m01-b-block01
1 1151956175 13798 50 11612 3150 0 0 0 16 0 0 0 mz-m01-b-block02
1 1149883816 13517 0 11893 3150 0 0 0 16 0 0 0 mz-m01-b-block01
1 1149883818 13798 400 11612 3150 0 0 0 17 0 0 0 mz-m01-b-pillar01
1 1149883813 13094 0 12316 3150 0 0 0 16 0 0 0 mz-m01-b-block01
1 1151956190 13878 -100 12595 450 0 0 0 17 0 0 0 mz-m01-p-hvntree2
1 1149883814 13235 0 12175 3150 0 0 0 16 0 0 0 mz-m01-b-block01
1 1149883815 13376 0 12034 3150 0 0 0 16 0 0 0 mz-m01-b-block01
1 1151956189 14020 -600 11603 450 0 0 0 17 0 0 0 mz-m01-p-hvntree3
1 1150927286 -9304 -15 6850 0 0 0 0 17 0 0 0 mz-m01-p-lrgpalm1
1 1151697986 -3214 100 12137 650 -987 11 0 16 0 0 0 mz-m01-b-statue1
1 1160672959 -2170 50 17232 0 0 0 3 0 0 0 212 000000000000000000000000000000000000000000000000000000003f0000003f0000803f00000040000000400000004000000000000000000000000000000000cdcc4c3e000000000000000000000000000000000000000000000000000000000000000000000000000000000000000000000000000000000000803f0000c03f0000803f000040400000404000004040640000009600000004001027000000000000c8000000401f00001717170025252500cdcccc3e00000000090000000000000000000000000000636f726f6e6131386168
1 1161771401 -450 -50 7050 0 0 60 0 16 0 0 0 mz-m01-b-statue1
1 1160601292 -333 -100 8960 1800 0 0 0 16 0 19 0 mz-p01-p-tree03sxcreate visible off