atdump version 4
0 Y
1 N
2 Y
3 Y
4 Y
5 Y
6 Y
7 Y
8 Y
9 N
10 77
11 87
12 157
13 1
14 
15 1
17 1
18 1.000000
19 30000
20 cloud_strat1m
21 35
22 1.000000
23 0.400000
24 cloud_strat1
25 6.000000
26 cloud_strat1m
27 24
28 0.200000
29 1.500000
30 cloud_strat1
31 4.000000
32 cloud_strat1m
33 55
34 0.000000
35 1.000000
36 cloud_strat1
37 1.000000
39 N
40 N
41 Y
42 1
43 1
44 N
45 Y
46 *
47 
49 49
50 Y
51 32
52 256
53 64
54 32
55 1.000000
56 grnd-brawl1
57 
58 
59 0
60 N
61 N
62 0
63 0
64 
65 0
66 
67 0.000000
68 -10.000000
69 0.000000
70 100
72 200
74 86a8e2b16767aa6d630778a91e
76 http://connect.miuchiz.com/objects/games
77 10080
78 1
79 1
80 N
81 0
83 
84 88
85 44
86 47
87 88
88 44
89 47
90 88
91 44
92 47
93 88
94 44
95 47
96 51
97 71
98 142
99 88
100 44
101 47
102 
103 
104 
105 *
106 1
107 1
108 1.000000
109 1.000000
110 0.000000
112 Brawloseum
113 
114 0
115 
116 
117 N
118 0
119 0.000000
120 
121 0
122 0
123 0.000000
124 0.000000
125 
126 N
127 120
128 0.000000
129 Willkommen zu Brawloseum
130 N
131 
132 
133 N
134 N
135 N
136 Y
137 1.000000
138 2.000000
139 N
140 0.000000
141 90.000000
142 N
143 N
144 16777215
145 N
146 600
147 15
148 1
149 N
150 N
151 move rotate