propdump version 4
1 1287761777 800 -20400 0 0 0 0 0 16 0 17 0 mz-p01-p-hedge17create name MazeW
1 1287761775 400 -20400 400 900 0 0 0 16 0 17 0 mz-p01-p-hedge17create name MazeW
1 1287761775 400 -20400 1200 900 0 0 0 16 0 17 0 mz-p01-p-hedge17create name MazeW
1 1287761776 400 -20400 2800 900 0 0 0 16 0 17 0 mz-p01-p-hedge17create name MazeW
1 1287761776 400 -20400 2000 900 0 0 0 16 0 17 0 mz-p01-p-hedge17create name MazeW
1 1287761783 800 -20400 2400 0 0 0 0 16 0 17 0 mz-p01-p-hedge17create name MazeW
1 1287761776 400 -20400 3600 900 0 0 0 16 0 17 0 mz-p01-p-hedge17create name MazeW
1 1287761776 400 -20400 4400 900 0 0 0 16 0 17 0 mz-p01-p-hedge17create name MazeW
1 1287761787 800 -20400 4800 0 0 0 0 16 0 17 0 mz-p01-p-hedge17create name MazeW
1 1287761776 400 -20400 5200 900 0 0 0 16 0 17 0 mz-p01-p-hedge17create name MazeW
1 1287761777 400 -20400 6800 900 0 0 0 16 0 17 0 mz-p01-p-hedge17create name MazeW
1 1287761777 400 -20400 6000 900 0 0 0 16 0 17 0 mz-p01-p-hedge17create name MazeW
1 1287761777 400 -20400 7600 900 0 0 0 16 0 17 0 mz-p01-p-hedge17create name MazeW
1 1287761790 800 -20400 7200 0 0 0 0 16 0 17 0 mz-p01-p-hedge17create name MazeW
1 1287761777 0 -20400 8000 0 0 0 0 16 0 17 0 mz-p01-p-hedge17create name MazeW
1 1752702516 800 -20400 8800 0 0 0 0 16 0 0 0 mz-p01-p-hedge17
1 1752702514 0 -20400 8800 0 0 0 0 16 0 0 0 mz-p01-p-hedge17
1 1287761790 800 -20400 8000 0 0 0 0 16 0 17 0 mz-p01-p-hedge17create name MazeW
1 1161911514 178 -20500 -5791 0 0 0 0 16 0 0 0 mz-p01-p-tree01s
1 1287761777 0 -20400 -800 0 0 0 0 16 0 17 0 mz-p01-p-hedge17create name MazeW
1 1287761777 800 -20400 -800 0 0 0 0 16 0 17 0 mz-p01-p-hedge17create name MazeW
1 1287761781 1600 -20400 800 0 0 0 0 16 0 17 0 mz-p01-p-hedge17create name MazeW
1 1287761778 1600 -20400 0 0 0 0 0 16 0 17 0 mz-p01-p-hedge17create name MazeW
1 1287761782 1200 -20400 1200 900 0 0 0 16 0 17 0 mz-p01-p-hedge17create name MazeW
1 1287761783 1200 -20400 2000 900 0 0 0 16 0 17 0 mz-p01-p-hedge17create name MazeW
1 1287761784 1600 -20400 2400 0 0 0 0 16 0 17 0 mz-p01-p-hedge17create name MazeW
1 1287761785 1200 -20400 3600 900 0 0 0 16 0 17 0 mz-p01-p-hedge17create name MazeW
1 1287761786 1600 -20400 4000 0 0 0 0 16 0 17 0 mz-p01-p-hedge17create name MazeW
1 1287761788 1600 -20400 5600 0 0 0 0 16 0 17 0 mz-p01-p-hedge17create name MazeW
1 1287761788 1200 -20400 6000 900 0 0 0 16 0 17 0 mz-p01-p-hedge17create name MazeW
1 1310609358 1200 -20400 7600 900 0 0 0 16 0 17 0 mz-p01-p-hedge17create name MazeW
1 1287761791 1600 -20400 8000 0 0 0 0 16 0 17 0 mz-p01-p-hedge17create name MazeW
1 1752702526 1600 -20400 8800 0 0 0 0 16 0 0 0 mz-p01-p-hedge17
1 1161911349 1231 -20400 10253 1650 0 0 0 15 0 0 0 mz-p01-p-tree04
1 1161911297 1994 -20400 -2429 1800 0 0 0 15 0 0 0 mz-p01-p-tree04
1 1287761778 1600 -20400 -800 0 0 0 0 16 0 17 0 mz-p01-p-hedge17create name MazeW
1 1287761782 2400 -20400 800 0 0 0 0 16 0 17 0 mz-p01-p-hedge17create name MazeW
1 1287761778 2400 -20400 0 0 0 0 0 16 0 17 0 mz-p01-p-hedge17create name MazeW
1 1287761783 2400 -20400 1600 0 0 0 0 16 0 17 0 mz-p01-p-hedge17create name MazeW
1 1287761784 2000 -20400 2800 900 0 0 0 16 0 17 0 mz-p01-p-hedge17create name MazeW
1 1287761784 2400 -20400 2400 0 0 0 0 16 0 17 0 mz-p01-p-hedge17create name MazeW
1 1287761785 2800 -20400 3600 900 0 0 0 16 0 17 0 mz-p01-p-hedge17create name MazeW
1 1287761786 2000 -20400 4400 900 0 0 0 16 0 17 0 mz-p01-p-hedge17create name MazeW
1 1287761787 2400 -20400 4800 0 0 0 0 16 0 17 0 mz-p01-p-hedge17create name MazeW
1 1287761787 2000 -20400 5200 900 0 0 0 16 0 17 0 mz-p01-p-hedge17create name MazeW
1 1287761789 2800 -20400 6800 900 0 0 0 16 0 17 0 mz-p01-p-hedge17create name MazeW
1 1287761788 2000 -20400 6000 900 0 0 0 16 0 17 0 mz-p01-p-hedge17create name MazeW
1 1287761789 2000 -20400 6800 900 0 0 0 16 0 17 0 mz-p01-p-hedge17create name MazeW
1 1287761788 2800 -20400 6000 900 0 0 0 16 0 17 0 mz-p01-p-hedge17create name MazeW
1 1287761790 2800 -20400 7600 900 0 0 0 16 0 17 0 mz-p01-p-hedge17create name MazeW
1 1752702528 2400 -20400 8800 0 0 0 0 16 0 0 0 mz-p01-p-hedge17
1 1287761791 2400 -20400 8000 0 0 0 0 16 0 17 0 mz-p01-p-hedge17create name MazeW
1 1287761778 2400 -20400 -800 0 0 0 0 16 0 17 0 mz-p01-p-hedge17create name MazeW
1 1287761782 3200 -20400 800 0 0 0 0 16 0 17 0 mz-p01-p-hedge17create name MazeW
1 1287761778 3200 -20400 0 0 0 0 0 16 0 17 0 mz-p01-p-hedge17create name MazeW
1 1287761783 3200 -20400 1600 0 0 0 0 16 0 17 0 mz-p01-p-hedge17create name MazeW
1 1163193873 3700 -20150 2900 0 0 0 2 0 0 0 51 0000c8420000c8420000c842000000000020410000803f4000ffffff000100c409000000000000000000000000000000000000
1 1287761783 3600 -20400 2000 900 0 0 0 16 0 17 0 mz-p01-p-hedge17create name MazeW
1 1287761784 3600 -20400 2800 900 0 0 0 16 0 17 0 mz-p01-p-hedge17create name MazeW
1 1163173303 3750 -17500 2900 0 0 0 2 0 0 0 51 0000c842000048420000c842000001000000400000803f4200bebebe0001001e00000000000000000000000000000000000000
1 1287761785 3200 -20400 3200 0 0 0 0 16 0 17 0 mz-p01-p-hedge17create name MazeW
1 1287761786 3600 -20400 4400 900 0 0 0 16 0 17 0 mz-p01-p-hedge17create name MazeW
1 1287761787 3200 -20400 4800 0 0 0 0 16 0 17 0 mz-p01-p-hedge17create name MazeW
1 1287761787 3600 -20400 5200 900 0 0 0 16 0 17 0 mz-p01-p-hedge17create name MazeW
1 1287761789 3200 -20400 6400 0 0 0 0 16 0 17 0 mz-p01-p-hedge17create name MazeW
1 1310609358 3200 -20400 7200 0 0 0 0 16 0 17 0 mz-p01-p-hedge17create name MazeW
1 1287761791 3200 -20400 8000 0 0 0 0 16 0 17 0 mz-p01-p-hedge17create name MazeW
1 1752702531 3200 -20400 8800 0 0 0 0 16 0 0 0 mz-p01-p-hedge17
1 1287761778 3200 -20400 -800 0 0 0 0 16 0 17 0 mz-p01-p-hedge17create name MazeW
1 1287761782 4000 -20400 800 0 0 0 0 16 0 17 0 mz-p01-p-hedge17create name MazeW
1 1287761779 4800 -20400 0 0 0 0 0 16 0 17 0 mz-p01-p-hedge17create name MazeW
1 1287761779 4000 -20400 0 0 0 0 0 16 0 17 0 mz-p01-p-hedge17create name MazeW
1 1287761782 4400 -20400 1200 900 0 0 0 16 0 17 0 mz-p01-p-hedge17create name MazeW
1 1287761784 4000 -20400 2400 0 0 0 0 16 0 17 0 mz-p01-p-hedge17create name MazeW
1 1287761784 4800 -20400 2400 0 0 0 0 16 0 17 0 mz-p01-p-hedge17create name MazeW
1 1287761785 4800 -20400 3200 0 0 0 0 16 0 17 0 mz-p01-p-hedge17create name MazeW
1 1287761785 4400 -20400 3600 900 0 0 0 16 0 17 0 mz-p01-p-hedge17create name MazeW
1 1287761786 4000 -20400 4000 0 0 0 0 16 0 17 0 mz-p01-p-hedge17create name MazeW
1 1287761787 4400 -20400 5200 900 0 0 0 16 0 17 0 mz-p01-p-hedge17create name MazeW
1 1287761789 4000 -20400 6400 0 0 0 0 16 0 17 0 mz-p01-p-hedge17create name MazeW
1 1287761788 4400 -20400 6000 900 0 0 0 16 0 17 0 mz-p01-p-hedge17create name MazeW
1 1287761790 4000 -20400 7200 0 0 0 0 16 0 17 0 mz-p01-p-hedge17create name MazeW
1 1287761790 4800 -20400 7200 0 0 0 0 16 0 17 0 mz-p01-p-hedge17create name MazeW
1 1287761791 4800 -20400 8000 0 0 0 0 16 0 17 0 mz-p01-p-hedge17create name MazeW
1 1752702533 4000 -20400 8800 0 0 0 0 16 0 0 0 mz-p01-p-hedge17
1 1752702535 4800 -20400 8800 0 0 0 0 16 0 0 0 mz-p01-p-hedge17
1 1287761791 4000 -20400 8000 0 0 0 0 16 0 17 0 mz-p01-p-hedge17create name MazeW
1 1161364367 4000 -19050 9450 0 0 0 0 2 0 118 0 sbcreate visible off, media url=http://mion.activeworlds.com/objects/sounds/dogonloose60.mp3 fx=3d radius=250 loop=99999
1 1161911319 4594 -20400 10971 1950 0 0 0 15 0 0 0 mz-p01-p-tree04
1 1287761779 4800 -20400 -800 0 0 0 0 16 0 17 0 mz-p01-p-hedge17create name MazeW
1 1287761779 4000 -20400 -800 0 0 0 0 16 0 17 0 mz-p01-p-hedge17create name MazeW
1 1287761779 5600 -20400 0 0 0 0 0 16 0 17 0 mz-p01-p-hedge17create name MazeW
1 1287761782 5600 -20400 800 0 0 0 0 16 0 17 0 mz-p01-p-hedge17create name MazeW
1 1287761782 5200 -20400 1200 900 0 0 0 16 0 17 0 mz-p01-p-hedge17create name MazeW
1 1287761784 5600 -20400 2400 0 0 0 0 16 0 17 0 mz-p01-p-hedge17create name MazeW
1 1287761785 5600 -20400 3200 0 0 0 0 16 0 17 0 mz-p01-p-hedge17create name MazeW
1 1287761785 5200 -20400 3600 900 0 0 0 16 0 17 0 mz-p01-p-hedge17create name MazeW
1 1287761786 5200 -20400 4400 900 0 0 0 16 0 17 0 mz-p01-p-hedge17create name MazeW
1 1287761787 5200 -20400 5200 900 0 0 0 16 0 17 0 mz-p01-p-hedge17create name MazeW
1 1287761788 5200 -20400 6000 900 0 0 0 16 0 17 0 mz-p01-p-hedge17create name MazeW
1 1287761789 5200 -20400 6800 900 0 0 0 16 0 17 0 mz-p01-p-hedge17create name MazeW
1 1287761790 5200 -20400 7600 900 0 0 0 16 0 17 0 mz-p01-p-hedge17create name MazeW
1 1752702537 5600 -20400 8800 0 0 0 0 16 0 0 0 mz-p01-p-hedge17
1 1287761791 5600 -20400 8000 0 0 0 0 16 0 17 0 mz-p01-p-hedge17create name MazeW
1 1161911293 5994 -20400 -2429 1800 0 0 0 15 0 0 0 mz-p01-p-tree04
1 1287761779 5600 -20400 -800 0 0 0 0 16 0 17 0 mz-p01-p-hedge17create name MazeW
1 1287761780 6400 -20400 0 0 0 0 0 16 0 17 0 mz-p01-p-hedge17create name MazeW
1 1287761782 6800 -20400 1200 900 0 0 0 16 0 17 0 mz-p01-p-hedge17create name MazeW
1 1287761782 6000 -20400 1200 900 0 0 0 16 0 17 0 mz-p01-p-hedge17create name MazeW
1 1287761783 6800 -20400 2000 900 0 0 0 16 0 17 0 mz-p01-p-hedge17create name MazeW
1 1287761784 6000 -20400 2800 900 0 0 0 16 0 17 0 mz-p01-p-hedge17create name MazeW
1 1287761783 6000 -20400 2000 900 0 0 0 16 0 17 0 mz-p01-p-hedge17create name MazeW
1 1287761785 6400 -20400 3200 0 0 0 0 16 0 17 0 mz-p01-p-hedge17create name MazeW
1 1287761785 6800 -20400 3600 900 0 0 0 16 0 17 0 mz-p01-p-hedge17create name MazeW
1 1287761786 6800 -20400 4400 900 0 0 0 16 0 17 0 mz-p01-p-hedge17create name MazeW
1 1287761786 6000 -20400 4400 900 0 0 0 16 0 17 0 mz-p01-p-hedge17create name MazeW
1 1287761787 6400 -20400 4800 0 0 0 0 16 0 17 0 mz-p01-p-hedge17create name MazeW
1 1287761788 6800 -20400 5200 900 0 0 0 16 0 17 0 mz-p01-p-hedge17create name MazeW
1 1287761789 6800 -20400 6000 900 0 0 0 16 0 17 0 mz-p01-p-hedge17create name MazeW
1 1287761788 6000 -20400 6000 900 0 0 0 16 0 17 0 mz-p01-p-hedge17create name MazeW
1 1287761789 6000 -20400 6800 900 0 0 0 16 0 17 0 mz-p01-p-hedge17create name MazeW
1 1287761790 6400 -20400 7200 0 0 0 0 16 0 17 0 mz-p01-p-hedge17create name MazeW
1 1752702539 6400 -20400 8800 0 0 0 0 16 0 0 0 mz-p01-p-hedge17
1 1287761791 6400 -20400 8000 0 0 0 0 16 0 17 0 mz-p01-p-hedge17create name MazeW
1 1161911465 6239 -20500 14317 1950 0 0 0 16 0 0 0 mz-p01-p-tree01s
1 1287761779 6400 -20400 -800 0 0 0 0 16 0 17 0 mz-p01-p-hedge17create name MazeW
1 1287761781 7600 -20400 400 900 0 0 0 16 0 17 0 mz-p01-p-hedge17create name MazeW
1 1287761780 7200 -20400 0 0 0 0 0 16 0 17 0 mz-p01-p-hedge17create name MazeW
1 1287761783 7200 -20400 1600 0 0 0 0 16 0 17 0 mz-p01-p-hedge17create name MazeW
1 1287761784 7600 -20400 2800 900 0 0 0 16 0 17 0 mz-p01-p-hedge17create name MazeW
1 1287761785 7200 -20400 3200 0 0 0 0 16 0 17 0 mz-p01-p-hedge17create name MazeW
1 1287761787 7600 -20400 4400 900 0 0 0 16 0 17 0 mz-p01-p-hedge17create name MazeW
1 1310609356 7200 -20400 5600 0 0 0 0 16 0 17 0 mz-p01-p-hedge17create name MazeW
1 1310609356 7600 -20400 5200 900 0 0 0 16 0 17 0 mz-p01-p-hedge17create name MazeW
1 1287761789 7600 -20400 6800 900 0 0 0 16 0 17 0 mz-p01-p-hedge17create name MazeW
1 1287761789 7600 -20400 6000 900 0 0 0 16 0 17 0 mz-p01-p-hedge17create name MazeW
1 1287761790 7200 -20400 7200 0 0 0 0 16 0 17 0 mz-p01-p-hedge17create name MazeW
1 1752702541 7200 -20400 8800 0 0 0 0 16 0 0 0 mz-p01-p-hedge17
1 1287761791 7200 -20400 8000 0 0 0 0 16 0 17 0 mz-p01-p-hedge17create name MazeW
1 1161911507 7028 -20500 -5841 0 0 0 0 16 0 0 0 mz-p01-p-tree01s
1 1287761780 7200 -20400 -800 0 0 0 0 16 0 17 0 mz-p01-p-hedge17create name MazeW
1 1287761781 8400 -20400 400 900 0 0 0 16 0 17 0 mz-p01-p-hedge17create name MazeW
1 1287761783 8000 -20400 1600 0 0 0 0 16 0 17 0 mz-p01-p-hedge17create name MazeW
1 1287761782 8400 -20400 1200 900 0 0 0 16 0 17 0 mz-p01-p-hedge17create name MazeW
1 1287761784 8400 -20400 2800 900 0 0 0 16 0 17 0 mz-p01-p-hedge17create name MazeW
1 1287761783 8400 -20400 2000 900 0 0 0 16 0 17 0 mz-p01-p-hedge17create name MazeW
1 1287761786 8400 -20400 3600 900 0 0 0 16 0 17 0 mz-p01-p-hedge17create name MazeW
1 1287761787 8400 -20400 4400 900 0 0 0 16 0 17 0 mz-p01-p-hedge17create name MazeW
1 1287761786 8000 -20400 4000 0 0 0 0 16 0 17 0 mz-p01-p-hedge17create name MazeW
1 1287761788 8400 -20400 5200 900 0 0 0 16 0 17 0 mz-p01-p-hedge17create name MazeW
1 1287761788 8000 -20400 5600 0 0 0 0 16 0 17 0 mz-p01-p-hedge17create name MazeW
1 1287761789 8400 -20400 6000 900 0 0 0 16 0 17 0 mz-p01-p-hedge17create name MazeW
1 1287761790 8400 -20400 6800 900 0 0 0 16 0 17 0 mz-p01-p-hedge17create name MazeW
1 1287761790 8400 -20400 7600 900 0 0 0 16 0 17 0 mz-p01-p-hedge17create name MazeW
1 1752702606 8800 -20400 8000 0 0 0 0 16 0 0 0 mz-p01-p-hedge17
1 1161263660 8800 -20400 8400 0 0 0 0 16 0 0 0 mz-p01-b-vtower1
1 1752702573 8800 -20400 8800 0 0 0 0 16 0 0 0 mz-p01-p-hedge17
1 1161037840 8800 -20400 8800 2700 0 0 0 17 13 96 0 mz-a01-b-arcade1aTake me HOME!activate teleport mion 21.06S 139.86E -18.15a 295;bump teleport mion 21.06S 139.86E -18.15a 295;
1 1752702543 8000 -20400 8800 0 0 0 0 16 0 0 0 mz-p01-p-hedge17
1 1287761791 8800 -20400 8400 0 0 0 0 16 0 17 0 mz-p01-b-vtower1create name MazeW
1 1161037840 8800 -20400 8000 2700 0 0 0 17 13 96 0 mz-a01-b-arcade1aTake me HOME!activate teleport mion 21.06S 139.86E -18.15a 295;bump teleport mion 21.06S 139.86E -18.15a 295;
1 1161911313 8694 -20400 10971 1800 0 0 0 15 0 0 0 mz-p01-p-tree04
1 1287761781 8400 -20400 -400 900 0 0 0 16 0 17 0 mz-p01-p-hedge17create name MazeW
1 1287761780 8000 -20400 -800 0 0 0 0 16 0 17 0 mz-p01-p-hedge17create name MazeW
1 1752702578 9600 -20400 8800 0 0 0 0 16 0 0 0 mz-p01-p-hedge17
1 1752702589 9600 -20400 8000 0 0 0 0 16 0 0 0 mz-p01-p-hedge17
1 1161911280 9452 -20400 -1992 1200 0 0 0 15 0 0 0 mz-p01-p-tree04
1 1161911273 10300 -20400 1900 1050 0 0 0 15 0 0 0 mz-p01-p-tree04
1 1161911266 10250 -20400 6200 900 0 0 0 15 0 0 0 mz-p01-p-tree04
1 1752702580 10400 -20400 8800 0 0 0 0 16 0 0 0 mz-p01-p-hedge17
1 1752702587 10400 -20400 8000 0 0 0 0 16 0 0 0 mz-p01-p-hedge17
1 1160075652 10500 -20400 8400 2700 0 0 0 17 13 96 0 mz-a01-b-arcade1aTake me HOME!activate teleport mion 21.06S 139.86E -18.15a 295;bump teleport mion 21.06S 139.86E -18.15a 295;
1 1752702584 10800 -20400 8400 900 0 0 0 16 0 0 0 mz-p01-p-hedge17
1 1161911476 11968 -20500 10550 2100 0 0 0 16 0 0 0 mz-p01-p-tree01s
1 1161911485 13137 -20500 4687 2550 0 0 0 16 0 0 0 mz-p01-p-tree01s
1 1161911490 14028 -20500 446 2550 0 0 0 16 0 0 0 mz-p01-p-tree01s
1 1161911447 -6054 -20500 7941 2550 0 0 0 16 0 0 0 mz-p01-p-tree01s
1 1161911442 -5991 -20500 4094 2550 0 0 0 16 0 0 0 mz-p01-p-tree01s
1 1161911371 -2584 -20400 1977 2550 0 0 0 15 0 0 0 mz-p01-p-tree04
1 1161911365 -2584 -20400 6077 2700 0 0 0 15 0 0 0 mz-p01-p-tree04
1 1161911456 -2187 -20500 14398 2550 0 0 0 16 0 0 0 mz-p01-p-tree01s
1 1161911380 -2059 -20400 -2054 2550 0 0 0 15 0 0 0 mz-p01-p-tree04
1 1161911357 -1675 -20400 9569 1650 0 0 0 15 0 0 0 mz-p01-p-tree04
1 1287761775 -400 -20400 400 900 0 0 0 16 0 17 0 mz-p01-p-hedge17create name MazeW
1 1287761775 -400 -20400 1200 900 0 0 0 16 0 17 0 mz-p01-p-hedge17create name MazeW
1 1287761776 -400 -20400 2800 900 0 0 0 16 0 17 0 mz-p01-p-hedge17create name MazeW
1 1287761775 -400 -20400 2000 900 0 0 0 16 0 17 0 mz-p01-p-hedge17create name MazeW
1 1287761776 -400 -20400 3600 900 0 0 0 16 0 17 0 mz-p01-p-hedge17create name MazeW
1 1287761776 -400 -20400 4400 900 0 0 0 16 0 17 0 mz-p01-p-hedge17create name MazeW
1 1287761776 -400 -20400 5200 900 0 0 0 16 0 17 0 mz-p01-p-hedge17create name MazeW
1 1287761777 -400 -20400 6800 900 0 0 0 16 0 17 0 mz-p01-p-hedge17create name MazeW
1 1287761776 -400 -20400 6000 900 0 0 0 16 0 17 0 mz-p01-p-hedge17create name MazeW
1 1287761777 -400 -20400 7600 900 0 0 0 16 0 17 0 mz-p01-p-hedge17create name MazeW
1 1752702511 -400 -20400 8400 900 0 0 0 16 0 0 0 mz-p01-p-hedge17
1 1287761781 -400 -20400 -400 900 0 0 0 16 0 17 0 mz-p01-p-hedge17create name MazeW