atdump version 4
0 Y
1 N
2 Y
3 Y
4 Y
5 Y
6 Y
7 Y
8 Y
9 N
10 177
11 198
12 168
13 1
14 
15 1
17 1
18 1.000000
19 30000
20 
21 0
22 0.000000
23 0.000000
24 
25 0.000000
26 cloud_strat1m
27 57
28 0.200000
29 0.300000
30 cloud_strat1
31 2.000000
32 cloud_strat1m
33 115
34 0.500000
35 0.000000
36 cloud_strat1
37 4.000000
39 N
40 N
41 Y
42 1
43 1
44 Y
45 Y
46 *
47 1.61N 55.38E 1.00a 88
49 96
50 Y
51 113
52 200
53 30
54 89
55 1.000000
56 
57 
58 
59 223
60 Y
61 Y
62 30
63 251
64 c_sun
65 255
66 c_sun
67 -7.820000
68 -8.260000
69 -0.870000
70 10
72 200
74 86a8e2b16767aa6d630778a91e
76 http://connect.miuchiz.com/objects/games
77 10080
78 1
79 1
80 N
81 0
83 xsha_sky1
84 51
85 67
86 27
87 96
88 113
89 89
90 96
91 113
92 89
93 96
94 113
95 89
96 96
97 113
98 89
99 96
100 113
101 89
102 
103 splash
104 splash
105 *
106 1
107 1
108 0.500000
109 1.000000
110 0.000000
112 Haven Forest
113 
114 109
115 water1_topm
116 water2
117 N
118 82
119 -6.800000
120 
121 255
122 75
123 1.000000
124 0.200000
125 water1_top
126 N
127 80
128 0.600000
129 Welcome to Haven Forest
130 N
131 
132 
133 N
134 N
135 N
136 Y
137 1.000000
138 2.000000
139 N
140 20.000000
141 40.000000
142 Y
143 Y
144 16777215
145 Y
146 1000
147 1000
148 1
149 N
150 N
151 move rotate