propdump version 4
1 1008122971 250 6272 893 193 -28 -239 0 6 0 0 0 fence5
1 1014335075 683 6100 846 3514 -46 -176 0 6 0 0 0 fence5
1 1041638597 436 5911 1367 3450 0 0 0 6 0 25 0 pine10create sound !_dfa_01.wav
1 1022869425 88 5857 2070 243 0 0 0 8 0 32 0 grmaple1create corona flare1.jpg size=30
1 1007144725 136 3930 5465 1541 0 0 0 6 0 0 0 birch2
1 1041481760 392 4757 -4765 3514 9 -9 0 6 0 82 0 birch1create corona flare2 size=5, light color=cyan, visible off, rotate 3 1 3,solid off
1 1041481767 241 5757 -4434 3514 9 -9 0 6 0 85 0 birch1create corona flare1 size=14, light color=orange, visible off, rotate 1 3 3,solid off
1 1041481810 90 5757 -4103 3514 9 -9 0 6 0 83 0 birch1create corona flare1 size=8, light color=white, visible off, rotate 3 3 3,solid off
1 1041481814 659 5157 -4522 3514 9 -9 0 6 0 105 0 birch1create corona flare3 size=11, light color=pink brightness=10 fx=fire, visible off, rotate 3 3 5,solid off
1 1041638615 892 5811 -529 3000 0 0 0 6 0 25 0 pine10create sound !_dfa_01.wav
1 1008119650 1491 5879 458 467 -23 -115 0 6 0 0 0 fence5
1 1008352862 1205 5947 134 2164 45 0 0 6 0 16 0 birch1create solid off
1 1008123118 1837 5777 124 421 -32 -125 0 6 0 0 0 fence5
1 1023148169 1147 5985 722 340 -16 -118 0 6 0 0 0 fence5
1 1008119751 1737 5471 1108 882 55 47 0 8 0 16 0 grmaple1create solid off
1 1006996441 1971 3967 4085 664 0 0 0 5 0 0 0 rock1
1 1024341257 1407 5307 -12146 3514 9 -9 0 6 0 96 0 birch1create corona flare3 size=6, light color=orange fx=pulse, visible off, move 0 0 300 loop time=15
1 1041481763 1367 5307 -5528 3514 9 -9 0 6 0 93 0 birch1create corona flare4 size=7, light color=orange fx=pulse, visible off, rotate 2 3 3,solid off
1 1041481792 1012 5607 -4520 3514 9 -9 0 6 0 93 0 birch1create corona flare3 size=10, light color=purple fx=fire, visible off, rotate 3 3 5,solid off
1 1008123260 2500 5167 452 1464 27 58 0 8 0 16 0 grmaple1create solid off
1 1006996422 2515 3467 4213 1564 0 0 0 5 0 0 0 rock1
1 1009592781 2419 2835 5957 0 0 0 0 8 0 0 0 grmaple2
1 1027955410 2933 5257 -2072 2285 0 0 0 6 0 0 0 birch1
1 1008352795 2357 5462 -1337 2164 15 0 0 6 0 0 0 birch1
1 1008123215 2185 5682 -216 453 -26 -97 0 6 0 0 0 fence5
1 1008123292 2530 5602 -565 453 -26 -97 0 6 0 0 0 fence5
1 1008352698 3670 3917 1444 3066 -38 -46 0 8 0 0 0 grmaple1
1 1007571745 3037 3317 3724 1714 0 0 0 5 0 0 0 rock1
1 1009592802 3104 2950 4695 0 0 0 0 8 0 0 0 grmaple1
1 1009501148 3049 3966 -9972 1722 -38 -40 0 6 0 0 0 birch1
1 1028724429 3717 5272 -1345 37 57 -107 0 6 0 16 0 birch1create solid off
1 1006998733 4272 3512 1568 2014 0 0 0 8 0 0 0 grmaple1
1 1008119705 4881 4412 -10729 524 -16 53 0 6 0 0 0 birch1
1 1023059591 4223 5272 -202 2939 -78 -97 0 6 0 75 0 birch1create solid off; activate water terrain0 red=64 green=128 blue=255 level=5
1 1008987457 6055 1867 4249 213 64 -7 0 5 0 0 0 rock2
1 1009495520 9462 832 9329 0 0 0 0 6 0 0 0 birch1
1 1009495436 9462 6377 -9221 0 0 0 0 6 0 0 0 birch1
1 1009592683 10212 426 10929 3564 0 0 0 6 0 0 0 birch1
1 1162937773 -63831 3600 -84 3300 0 0 0 17 0 0 0 mz-p01-b-bigtree3
1 1162922159 -61100 -800 -800 1800 0 0 0 5 0 0 0 pine7
1 1162922149 -60650 -800 1450 1800 0 0 0 5 0 0 0 pine9
1 1162921894 -60650 -800 3950 1800 0 0 0 5 0 0 0 pine8
1 1162927471 -60800 3000 8150 2700 0 0 0 17 0 0 0 mz-p01-b-bigtree3
1 1162921884 -59800 -100 6800 1800 0 0 0 6 0 0 0 pine10
1 1162927455 -59375 5450 -5305 3300 0 0 0 17 0 0 0 mz-p01-b-bigtree3
1 1162919953 -58600 1000 250 900 0 0 0 10 0 0 0 sv-gfence1
1 1162919954 -58600 1000 1850 900 0 0 0 10 0 0 0 sv-gfence1
1 1162919954 -58600 1000 1050 900 0 0 0 10 0 0 0 sv-gfence1
1 1162919954 -58600 1000 2650 900 0 0 0 10 0 0 0 sv-gfence1
1 1162919954 -58600 1000 3450 900 0 0 0 10 0 0 0 sv-gfence1
1 1162919955 -58600 1000 4250 900 0 0 0 10 0 0 0 sv-gfence1
1 1162919971 -58300 1000 5500 1800 0 0 0 10 0 0 0 sv-gfence1
1 1162919959 -58600 1000 5050 900 0 0 0 10 0 0 0 sv-gfence1
1 1162923880 -58400 2600 -7000 1800 0 0 0 5 0 0 0 pine8
1 1162922098 -58800 900 -1550 1800 0 0 0 6 0 0 0 pine10
1 1162919952 -58600 1000 -550 900 0 0 0 10 0 0 0 sv-gfence1
1 1162919932 -58150 1000 -900 0 0 0 0 10 0 0 0 sv-gfence1
1 1163222471 -57178 1026 33 2700 0 0 0 13 0 0 0 sv-rhcottage1
1 1166073001 -57100 2200 950 0 0 0 0 2 0 134 0 sbcreate visible off, media url=http://www.bratz.com/miuchizobjects/sounds/mz_pawz_obst_SMX137_04.mp3 fx=3d vol=20 radius=100 loop=99999
1 1162923079 -57399 1026 849 1800 0 0 0 13 0 0 0 sv-rhcottage1
1 1162923085 -57414 1246 820 1350 0 0 0 19 0 0 0 sv-rhcottagedr1.rwx
1 1162921871 -57900 900 3750 1800 0 0 0 5 0 0 0 pine6
1 1162919971 -57500 1000 5500 1800 0 0 0 10 0 0 0 sv-gfence1
1 1162921866 -58000 900 6550 1800 0 0 0 5 0 0 0 pine6
1 1163222424 -57198 1026 -449 0 0 0 0 14 0 44 0 sv-rhstrawman1activate sound bd.wav global, warp +0 +0 +2a
1 1162919932 -57350 1000 -900 0 0 0 0 10 0 0 0 sv-gfence1
1 1162919971 -56700 1000 5500 1800 0 0 0 10 0 0 0 sv-gfence1
1 1162923874 -56100 2600 -6950 1800 0 0 0 5 0 0 0 pine7
1 1162922112 -56750 900 -2600 1800 0 0 0 5 0 0 0 pine7
1 1162919931 -56550 1000 -900 0 0 0 0 10 0 0 0 sv-gfence1
1 1162919972 -55900 1000 5500 1800 0 0 0 10 0 0 0 sv-gfence1
1 1162919972 -55100 1000 5500 1800 0 0 0 10 0 0 0 sv-gfence1
1 1162921848 -55800 900 6500 1800 0 0 0 6 0 0 0 pine10
1 1162923869 -55100 2800 -6900 1800 0 0 0 5 0 0 0 pine9
1 1162919931 -55750 1000 -900 0 0 0 0 10 0 0 0 sv-gfence1
1 1162919973 -54300 1000 5500 1800 0 0 0 10 0 0 0 sv-gfence1
1 1162922118 -54600 900 -3250 1800 0 0 0 5 0 0 0 pine9
1 1162919937 -54150 1000 -900 0 0 0 0 10 0 0 0 sv-gfence1
1 1162919930 -54950 1000 -900 0 0 0 0 10 0 0 0 sv-gfence1
1 1162923336 -53050 1000 700 2700 0 0 0 9 0 17 0 sv-ggate1create name gate1
1 1163222386 -53450 1015 550 0 0 0 0 10 0 154 0 sv-gdrump1create texture driftwd; activate rotate 0 10 0 time=10,rotate name=gate1 0 2 0 time=10 wait=5,rotate name=gate2 0 -2 0 time=10 wait=5, noise gate04 global
1 1163222386 -53450 1001 550 0 0 0 0 9 9 130 0 sv-gdrum1Open Dooractivate rotate 0 10 0 time=10,rotate name=gate1 0 2 0 time=10 wait=5,rotate name=gate2 0 -2 0 time=10 wait=5, noise gate04 global
1 1162919832 -53050 1000 300 2700 0 0 0 10 0 0 0 sv-gfence1
1 1163222339 -53450 1015 2300 0 0 0 0 10 0 154 0 sv-gdrump1create texture driftwd; activate rotate 0 10 0 time=10,rotate name=gate1 0 2 0 time=10 wait=5,rotate name=gate2 0 -2 0 time=10 wait=5, noise gate04 global
1 1162923342 -53050 1000 2300 900 0 0 0 9 0 17 0 sv-ggate1create name gate2
1 1163214272 -53450 1001 2300 0 0 0 0 35 9 130 0 create visible off, sound medicine6Open Dooractivate rotate 0 10 0 time=10,rotate name=gate1 0 2 0 time=10 wait=5,rotate name=gate2 0 -2 0 time=10 wait=5, noise gate04 global
1 1163213917 -53450 1001 2300 0 0 0 0 9 9 130 0 sv-gdrum1Open Dooractivate rotate 0 10 0 time=10,rotate name=gate1 0 2 0 time=10 wait=5,rotate name=gate2 0 -2 0 time=10 wait=5, noise gate04 global
1 1162919831 -53050 1000 2700 900 0 0 0 10 0 0 0 sv-gfence1
1 1162999186 -53850 1001 3300 2700 0 0 0 16 0 0 0 mz-p01-b-vhouse3
1 1162923283 -53050 1000 3500 900 0 0 0 10 0 0 0 sv-gfence1
1 1162923305 -53100 1000 3950 900 0 0 0 9 0 0 0 sv-gpost2
1 1162919990 -53050 1000 4350 2700 0 0 0 10 0 0 0 sv-gfence1
1 1162919976 -53500 1000 5500 1800 0 0 0 10 0 0 0 sv-gfence1
1 1162919984 -53050 1000 5150 2700 0 0 0 10 0 0 0 sv-gfence1
1 1162921838 -53500 900 7650 1800 0 0 0 5 0 0 0 pine9
1 1162923223 -53450 1600 15300 1800 0 0 0 5 0 0 0 pine6
1 1162923208 -53850 2250 17950 1800 0 0 0 6 0 0 0 pine10
1 1162919923 -53350 1000 -900 0 0 0 0 10 0 0 0 sv-gfence1
1 1162919832 -53050 1000 -450 2700 0 0 0 10 0 0 0 sv-gfence1
1 1162921842 -52350 900 8750 1800 0 0 0 5 0 0 0 pine7
1 1163019905 -52000 900 800 1800 0 0 0 5 0 0 0 pine9
1 1163108218 -51699 485 1469 1800 0 0 0 16 0 0 0 sh-os-g-rocksta3
1 1162923227 -51800 1950 18000 1800 0 0 0 5 0 0 0 pine7
1 1162927490 -51013 4450 -7652 3000 0 0 0 17 0 0 0 mz-p01-b-bigtree3
1 1163363713 -51300 900 -2900 1800 0 0 0 6 0 0 0 pine10
1 1163210439 -50665 2200 4290 1800 0 0 0 2 0 33 0 sbcreate visible off, sound forest3
1 1162920712 -50208 3000 9966 2400 0 0 0 14 0 0 0 sv-rhropewalk1
1 1162920712 -50008 3000 9620 2400 0 0 0 14 0 0 0 sv-rhropewalk1
1 1162920712 -50108 3000 9793 2400 0 0 0 14 0 0 0 sv-rhropewalk1
1 1163011644 -50236 1000 10529 2400 0 0 0 14 0 0 0 sv-rhropewalk1
1 1163011644 -50036 1000 10183 2400 0 0 0 14 0 18 0 sv-rhropewalk1create name fall1a
1 1163011644 -50508 3000 10486 2400 0 0 0 14 0 0 0 sv-rhropewalk1
1 1163011644 -50137 1000 10356 2400 0 0 0 14 0 0 0 sv-rhropewalk1
1 1163011644 -50307 3000 10140 2400 0 0 0 14 0 0 0 sv-rhropewalk1
1 1163011644 -50407 3000 10313 2400 0 0 0 14 0 0 0 sv-rhropewalk1
1 1163112905 -50500 2000 11500 1800 0 0 0 14 0 16 0 mz-p01-b-flet2create name plat
1 1163111125 -50500 1000 11500 2700 0 0 0 14 0 16 0 mz-p01-b-flet1create name plat
1 1163200269 -50500 3450 11500 0 0 0 0 17 0 0 0 mz-p01-b-bigtree3
1 1163111121 -50500 3000 11500 2700 0 0 0 14 0 16 0 mz-p01-b-flet1create name plat
1 1163197921 -50500 3000 12650 1800 0 0 0 14 0 0 0 mz-p01-b-pole2
1 1163211648 -50500 2950 12650 1800 0 0 0 8 0 111 0 box-bluecreate solid off,visible off;bump rotate 0 60 0 time=.25 name=spina,move 0 -10 0 wait=10, noise woodturn global
1 1163530701 -50500 3005 12400 0 0 0 3 0 0 0 221 000000000000000000000000000000000000000000000000000000000000000000000000400000000000000000000000400000000000000000000000000000000000000000000000000000b44200000000000000000000b4420000000000000000000000000000000000000000000000000000000000000000000000400000004000000040000000400000004000000040e8030000e80300000100e80300000000000000000000e8030000ffc60000ffc600000000803f00000002120000000000000000000000000000703132383a6d3132385f6172726f7731757000
1 1163211652 -50500 2950 13650 1800 0 0 0 8 0 110 0 box-bluecreate solid off,visible off;bump rotate 0 60 0 time=.5 name=spina,move 0 -10 0 wait=10, noise woodturn global
1 1163197938 -50500 3000 13650 1800 0 0 0 14 0 0 0 mz-p01-b-pole2
1 1163211146 -50715 3700 13840 1800 0 0 0 2 0 38 0 sbcreate visible off, sound jungledrums3
1 1163198135 -50500 3000 13650 2700 0 0 0 15 0 17 0 mz-p01-b-pole2acreate name spina
1 1163211606 -50500 2950 14650 1800 0 0 0 8 0 111 0 box-bluecreate solid off,visible off;bump rotate 0 60 0 time=.25 name=spina,move 0 -10 0 wait=10, noise woodturn global
1 1163197938 -50500 3000 14650 1800 0 0 0 14 0 0 0 mz-p01-b-pole2
1 1163211610 -50500 2950 15650 1800 0 0 0 8 0 110 0 box-bluecreate solid off,visible off;bump rotate 0 60 0 time=.5 name=spina,move 0 -10 0 wait=10, noise woodturn global
1 1163198465 -50500 3000 15650 2700 0 0 0 15 0 17 0 mz-p01-b-pole2acreate name spina
1 1163198458 -50500 3000 15650 1800 0 0 0 14 0 0 0 mz-p01-b-pole2
1 1162927919 -50850 2500 21700 1800 0 0 0 5 0 0 0 oak10
1 1163363529 -50300 550 -400 1800 0 0 0 5 0 12 0 pine7creat name a
1 1163362616 -49450 600 1500 0 0 0 0 17 0 103 0 mz-p01-bump-checkcreate visible off,solid off; bump noise sfx-bttn-028.mp3,move 0 -100 0 time=.1 wait=10;~PawzRacer0000~
1 1163031718 -49500 1000 1500 0 0 0 0 19 0 13 0 mz-p01-b-ropebrdg40create name y
1 1163111129 -49350 1000 8350 2700 0 0 0 14 0 16 0 mz-p01-b-flet1create name plat
1 1163111126 -49350 3000 8350 2700 0 0 0 14 0 16 0 mz-p01-b-flet1create name plat
1 1163530108 -49350 2000 8350 2700 0 0 0 14 0 0 0 mz-p01-b-flet1
1 1163191017 -49350 3000 8350 2700 0 0 0 17 0 31 0 mz-p01-b-bigtree3activate warp +0 +0 +.7a global
1 1163373343 -49833 1000 9732 1500 0 0 0 8 0 147 0 animate8create visible off, solid off; bump visible bird1 on, move -88 2 0 time=12 wait=9999 name=bird1, rotate 4 3 3 time=.5 smooth loop name=bird1 global
1 1163011643 -49636 1000 9490 2400 0 0 0 14 0 0 0 sv-rhropewalk1
1 1163011643 -49535 1000 9317 2400 0 0 0 14 0 0 0 sv-rhropewalk1
1 1163011643 -49736 1000 9663 2400 0 0 0 14 0 0 0 sv-rhropewalk1
1 1163011644 -49836 950 9836 2400 0 0 0 9 0 199 0 box-solidcreate solid off,visible off;bump move 0 -100 0 time=.1 wait=99, move 0 -20 0 time=2 wait=99 smooth name=fall1,rotate 2 0 4 time=1 name=fall1a,move 0 -.5 0 wait=99 noloop name=fall1a,noise crash2.wav
1 1163011643 -49628 2000 9305 2550 0 0 0 14 0 0 0 sv-rhropewalk1
1 1163011643 -49732 2000 9690 2550 0 0 0 14 0 0 0 sv-rhropewalk1
1 1163011644 -49836 1000 9836 2400 0 0 0 14 0 0 0 sv-rhropewalk1
1 1163011643 -49806 3000 9275 2400 0 0 0 14 0 0 0 sv-rhropewalk1
1 1163011643 -49784 2000 9883 2550 0 0 0 14 0 0 0 sv-rhropewalk1
1 1163011643 -49906 3000 9448 2400 0 0 0 14 0 0 0 sv-rhropewalk1
1 1163011643 -49680 2000 9497 2550 0 0 0 14 0 0 0 sv-rhropewalk1
1 1163373583 -49426 1025 10726 2250 0 -180 0 14 0 30 0 mz-a01-i-bird1create name bird1, visible off
1 1163011148 -49941 2000 10462 2550 0 0 0 14 0 0 0 sv-rhropewalk1
1 1163373028 -49391 1050 10411 2250 0 0 0 14 0 30 0 mz-a01-i-bird1create name bird1, visible off
1 1163373590 -49496 975 10376 2250 0 150 0 14 0 30 0 mz-a01-i-bird1create name bird1, visible off
1 1163011148 -49993 2000 10655 2550 0 0 0 14 0 0 0 sv-rhropewalk1
1 1163011148 -49889 2000 10269 2550 0 0 0 14 0 0 0 sv-rhropewalk1
1 1163373597 -49530 1000 10550 2250 -135 0 0 14 0 30 0 mz-a01-i-bird1create name bird1, visible off
1 1163110378 -49286 1100 10172 0 0 0 2 0 0 0 51 0000c040000080400000803f000100cdcc4c3e0000803f00009999b5002800c800000000000000000000000000000000000000
1 1163373578 -49601 1125 10481 2100 0 0 0 14 0 30 0 mz-a01-i-bird1create name bird1, visible off
1 1163373574 -49391 1000 10411 2400 0 0 0 14 0 30 0 mz-a01-i-bird1create name bird1, visible off
1 1163011148 -49837 2000 10076 2550 0 0 0 14 0 0 0 sv-rhropewalk1
1 1163011148 -49937 1000 10009 2400 0 0 0 14 0 17 0 sv-rhropewalk1create name fall1
1 1163372045 -49165 1650 11590 2700 0 0 0 8 0 54 0 animate8create solid off, visible off; bump tag fflies1 global
1 1163546435 -49950 3000 12500 1800 0 0 0 14 0 0 0 mz-p01-b-pole2
1 1163210759 -49500 3000 13650 1800 0 0 0 14 0 24 0 mz-p01-b-pole2create noise jungledrums
1 1163546412 -49952 2000 13646 900 0 0 0 11 0 0 0 mz-p01-net1
1 1163211539 -49500 2950 13650 1800 0 0 0 8 0 112 0 box-bluecreate solid off,visible off;bump rotate 0 60 0 time=.25 name=spina,move 0 -10 0 wait=10, noise woodturn  global
1 1163546464 -50000 2105 14150 1800 0 0 0 13 0 0 0 mz-p01-ob-net
1 1163198496 -49500 3000 14650 2700 0 0 0 15 0 17 0 mz-p01-b-pole2acreate name spina
1 1163211562 -49500 2950 14650 1800 0 0 0 8 0 110 0 box-bluecreate solid off,visible off;bump rotate 0 60 0 time=.5 name=spina,move 0 -10 0 wait=10, noise woodturn global
1 1163197938 -49500 3000 14650 1800 0 0 0 14 0 0 0 mz-p01-b-pole2
1 1163211615 -49500 2950 15650 1800 0 0 0 8 0 111 0 box-bluecreate solid off,visible off;bump rotate 0 60 0 time=.25 name=spina,move 0 -10 0 wait=10, noise woodturn global
1 1163536707 -50000 2000 15150 1800 0 0 0 13 0 0 0 mz-p01-ob-net
1 1163198124 -49500 3000 15650 1800 0 0 0 14 0 0 0 mz-p01-b-pole2
1 1163198262 -49500 3000 16650 1800 0 0 0 14 0 0 0 mz-p01-b-pole2
1 1163211619 -49500 2950 16650 1800 0 0 0 8 0 110 0 box-bluecreate solid off,visible off;bump rotate 0 60 0 time=.5 name=spina,move 0 -10 0 wait=10, noise woodturn global
1 1162925065 -49851 300 -4175 0 0 0 0 4 0 0 0 mill
1 1163363717 -49200 350 -250 1800 0 0 0 6 0 0 0 pine10
1 1163543947 -48780 1000 7851 3150 0 0 0 17 0 103 0 mz-p01-bump-checkcreate visible off,solid off; bump noise sfx-unus-089.mp3,move 0 -100 0 time=.1 wait=10;~PawzRacer0002~
1 1163532393 -48529 1005 7862 3150 0 0 0 14 0 0 0 mz-p01-ob-hut1
1 1163532400 -48526 1007 7853 430 291 74 0 15 0 150 0 mz-p01-ob-leveractivate move  0 -30 0 time=2 wait=12 smooth name=brdg1, rotate 0.2 0 0 name=brdg1 time=2 smooth, move 0 -99 0 time=.1 wait=25,noise crash2.wav global
1 1164905747 -48780 1300 7851 0 0 0 3 0 0 0 216 00000000000000000000000000000000000000000000000000000000000000000000000000000000000000000000000000000000000000000000000000000000000000000000000000000000000000000000000000000000000000000000000000000000000000000000000000000000000000000000000000000040400000404000004040000040400000404000004040e8030000e80300000100e80300000000000000000000e8030000ffff0000ffff00000000803f000000000d0000000000000000000000000000703132383a6d3132385f6d7a3200
1 1163530087 -48900 2250 11500 0 0 0 0 16 0 18 0 mz-p01-ob-wheel2create name wheel1
1 1163211180 -48315 3700 11390 1800 0 0 0 2 0 38 0 sbcreate visible off, sound jungledrums3
1 1163197938 -48500 3000 14650 1800 0 0 0 14 0 0 0 mz-p01-b-pole2
1 1163211629 -48500 2950 14650 1800 0 0 0 8 0 111 0 box-bluecreate solid off,visible off;bump rotate 0 60 0 time=.25 name=spina,move 0 -10 0 wait=10, noise woodturn global
1 1163546459 -49000 2050 14150 1800 0 0 0 13 0 0 0 mz-p01-ob-net
1 1163211692 -48515 3700 14090 1800 0 0 0 2 0 38 0 sbcreate visible off, sound jungledrums3
1 1163211625 -48500 2950 15650 1800 0 0 0 8 0 110 0 box-bluecreate solid off,visible off;bump rotate 0 60 0 time=.5 name=spina,move 0 -10 0 wait=10, noise woodturn global
1 1163197937 -48500 3000 15650 1800 0 0 0 14 0 0 0 mz-p01-b-pole2
1 1163198517 -48500 3000 15650 0 0 0 0 15 0 17 0 mz-p01-b-pole2acreate name spina
1 1163211622 -48500 2950 16650 1800 0 0 0 8 0 111 0 box-bluecreate solid off,visible off;bump rotate 0 60 0 time=.25 name=spina,move 0 -10 0 wait=10, noise woodturn global
1 1163211153 -48315 3700 16340 1800 0 0 0 2 0 38 0 sbcreate visible off, sound jungledrums3
1 1163198262 -48500 3000 16650 1800 0 0 0 14 0 0 0 mz-p01-b-pole2
1 1163536706 -49000 2000 16150 1800 0 0 0 13 0 0 0 mz-p01-ob-net
1 1163198067 -48500 600 18600 1800 0 0 0 5 0 0 0 pine7
1 1163372103 -48922 1150 -11000 2250 0 0 0 4 0 0 0 oak9
1 1162999944 -48670 357 -4770 2100 -60 0 0 8 0 0 0 b_riv400
1 1162925065 -48951 500 -3901 0 0 0 0 9 0 21 0 millwheelcreate rotate 0 0 -05
1 1162917152 -48142 -250 -976 1350 0 0 0 7 0 0 0 bridge1
1 1163543917 -47250 1000 1500 0 0 0 0 17 0 103 0 mz-p01-bump-checkcreate visible off,solid off; bump noise sfx-unus-089.mp3,move 0 -100 0 time=.1 wait=10;~PawzRacer0001~
1 1163192181 -47098 1000 1680 3150 0 0 0 16 0 0 0 mz-m01-b-barrel1
1 1163110129 -47404 -139 1863 578 54 -35 0 16 0 13 0 mz-m01-b-barrel1create name y
1 1163110126 -47493 -138 1699 1218 328 -446 0 16 0 13 0 mz-m01-b-barrel2create name y
1 1163110127 -47498 -125 1856 1218 328 -446 0 16 0 13 0 mz-m01-b-barrel2create name y
1 1163110130 -47252 -157 1901 578 54 -35 0 16 0 13 0 mz-m01-b-barrel1create name y
1 1164909378 -47250 1199 1500 0 0 0 3 0 0 0 216 00000000000000000000000000000000000000000000000000000000000000000000000000000000000000000000000000000000000000000000000000000000000000000000000000000000000000000000000000000000000000000000000000000000000000000000000000000000000000000000000000000040400000404000004040000040400000404000004040e8030000e80300000100e80300000000000000000000e8030000ffff0000ffff00000000803f000000000d0000000000000000000000000000703132383a6d3132385f6d7a3131
1 1163000041 -47050 -600 1000 1800 0 0 0 8 0 0 0 b_riv402
1 1163543968 -47250 1995 1550 0 0 0 0 17 57 139 0 mz-p01-bump-checkcreate name plat;bump visible wheel1 off,solid wheel1 offcreate visible off,solid off; bump noise sfx-unus-089.mp3,move 0 -100 0 time=.1 wait=10,visible wheel1 off,solid wheel1 off;~PawzRacer0003~
1 1164905739 -47200 2149 1500 0 0 0 3 0 0 0 216 00000000000000000000000000000000000000000000000000000000000000000000000000000000000000000000000000000000000000000000000000000000000000000000000000000000000000000000000000000000000000000000000000000000000000000000000000000000000000000000000000000040400000404000004040000040400000404000004040e8030000e80300000100e80300000000000000000000e8030000ffff0000ffff00000000803f000000000d0000000000000000000000000000703132383a6d3132385f6d7a3331
1 1163110137 -47119 -164 2008 544 10 -25 0 16 0 13 0 mz-m01-b-barrel2create name y
1 1163110134 -47351 -145 2039 3131 -116 285 0 16 0 13 0 mz-m01-b-barrel2create name y
1 1163531607 -47925 1000 6925 2250 0 0 0 19 0 17 0 mz-p01-b-ropebrdg20create name brdg1
1 1162925342 -47925 2000 6925 2250 0 0 0 19 0 0 0 mz-p01-b-ropebrdg20
1 1162924840 -47925 3000 6925 2250 0 0 0 19 0 0 0 mz-p01-b-ropebrdg20
1 1221076741 -47315 1550 10840 0 0 0 3 0 0 0 224 000080400000004000008040000000000000803f0000804000000000000000a0400000803f000000c1000000400000803f000000000000000000000000000080c000000000000000000000c8420000c8420000c8420000c8c20000c8c20000c8c2000002430000024300004842000002c3000002c3000020c23333333f3333333f0000003fcdcc4c3ecdcc4c3e0ad7233c640000002c01000002007c150000b80b0000f4010000f4010000ffff0600ff0000000000803f010000030e00070000000000000000000000006d7a2d6130312d692d626972643166666c6965733100
1 1162917021 -47500 2000 11500 1800 0 0 0 19 0 0 0 mz-p01-b-ropebrdg40
1 1163211672 -47500 2950 13650 1800 0 0 0 8 0 111 0 box-bluecreate solid off,visible off;bump rotate 0 60 0 time=.25 name=spina,move 0 -10 0 wait=10, noise woodturn global
1 1163198546 -47500 3000 13650 1800 0 0 0 14 0 0 0 mz-p01-b-pole2
1 1163197938 -47500 3000 14650 1800 0 0 0 14 0 0 0 mz-p01-b-pole2
1 1163198504 -47500 3000 14650 0 0 0 0 15 0 17 0 mz-p01-b-pole2acreate name spina
1 1163211669 -47500 2950 14650 1800 0 0 0 8 0 110 0 box-bluecreate solid off,visible off;bump rotate 0 60 0 time=.5 name=spina,move 0 -10 0 wait=10, noise woodturn global
1 1163545849 -48000 2055 14150 1800 0 0 0 13 0 0 0 mz-p01-ob-net
1 1163536705 -48000 2000 15150 1800 0 0 0 13 0 0 0 mz-p01-ob-net
1 1163197937 -47500 3000 15650 1800 0 0 0 14 0 0 0 mz-p01-b-pole2
1 1163211637 -47500 2950 15650 1800 0 0 0 8 0 111 0 box-bluecreate solid off,visible off;bump rotate 0 60 0 time=.25 name=spina,move 0 -10 0 wait=10, noise woodturn global
1 1163536772 -48000 2005 16150 1800 0 0 0 13 0 0 0 mz-p01-ob-net
1 1163211632 -47500 2950 16650 1800 0 0 0 8 0 109 0 box-bluecreate solid off,visible off;bump rotate 0 60 0 time=.5 name=spina,move 0 -10 0 wait=1, noise woodturn global
1 1163198262 -47500 3000 16650 1800 0 0 0 14 0 0 0 mz-p01-b-pole2
1 1163198692 -47500 3000 16650 900 0 0 0 15 0 17 0 mz-p01-b-pole2acreate name spina
1 1162999895 -47805 650 -9250 2700 0 0 0 8 0 0 0 b_riv410
1 1163372375 -47382 2350 -8170 2700 0 0 0 14 0 39 0 mz-a01-i-bird1create rotate 4 3 3 time=.5 smooth loop
1 1163372598 -47137 2350 -8235 2250 0 0 0 14 0 102 0 mz-a01-i-bird1create move -20 1 0 time=5 wait=99, rotate 4 3 3 time=.5 smooth loop, move -.2 .2 0 loop smooth global
1 1162917152 -47151 -250 -1966 1350 0 0 0 7 0 0 0 bridge1
1 1165002845 -46391 2000 973 3150 0 0 0 16 0 13 0 mz-m01-b-barrel1create name y
1 1163113146 -46084 2000 1131 1350 0 0 0 13 0 0 0 mz-ob-lever1a
1 1163530397 -46500 3000 1550 0 0 0 0 17 0 17 0 mz-p01-b-bigtree3create name fall2
1 1163031712 -46500 3000 1500 900 0 0 0 14 0 13 0 mz-p01-b-flet1create name y
1 1165002847 -46181 2000 1043 3150 0 0 0 16 0 13 0 mz-m01-b-barrel1create name y
1 1163031714 -46500 2000 1500 2700 0 0 0 14 0 13 0 mz-p01-b-flet1create name y
1 1163031716 -46500 1000 1500 2700 0 0 0 14 0 13 0 mz-p01-b-flet1create name y
1 1163113292 -46042 1902 1173 2250 300 0 0 13 0 76 0 mz-ob-lever1bactivate move  0 .01 0 time=2 smooth name=brdg2,move 0 -99 0 time=.1 wait=25
1 1163532958 -46500 1890 2650 900 0 0 0 9 0 18 0 box-solidcreate visible off
1 1163532958 -46266 2002 2426 919 291 -74 0 15 0 109 0 mz-p01-ob-leveractivate move  0 -20 0 time=2 wait=99 smooth name=brdg2, move 0 -99 0 time=.1 wait=25,noise crash2.wav global
1 1163532958 -46026 -501 2459 2970 -301 -142 0 16 0 13 0 mz-m01-b-barrel1create name y
1 1163532958 -46260 2000 2410 1800 0 0 0 14 0 0 0 mz-p01-ob-hut1
1 1163532958 -46500 1855 2750 900 0 0 0 9 0 18 0 box-solidcreate visible off
1 1163532958 -46500 1850 2950 0 0 0 3 0 0 0 223 0000803f000000000000803f000080bf00000000000080bf000000000000000000000000000000000000000000000000000000000000000000000000000000000000000000000000000000000000000000000000000000000000000000000000000000000000000000000000000000344300003443000034430000803f0000803f0000803f0000803f0000803f0000803fe8030000102700000300d0070000e80300000000000000000000ffffff00ffffff000000803f000200030f00050000000000000000000000006d7a2d7030312d622d706c616e6b31776f6f643100
1 1163532958 -46179 -403 2426 2031 -181 649 0 16 0 0 0 mz-m01-b-barrel2
1 1163532958 -46760 1000 2120 3150 0 0 0 16 0 0 0 mz-m01-b-barrel1
1 1163532958 -46257 -402 2660 2948 -349 -115 0 16 0 13 0 mz-m01-b-barrel2create name y
1 1163532958 -46112 -440 2577 2970 -301 -142 0 16 0 13 0 mz-m01-b-barrel1create name y
1 1163532961 -46500 2000 3500 2700 0 0 0 20 0 95 0 mz-p01-b-ropebrdg20bbump tag wood1,move 0 -100 0 time=.1 wait=9999,noise crash2.wav,visible plank1 on;create name y
1 1163532961 -46500 3000 3500 900 0 0 0 19 0 13 0 mz-p01-b-ropebrdg20create name y
1 1163532961 -46500 1000 3500 900 0 0 0 19 0 13 0 mz-p01-b-ropebrdg20create name y
1 1163532960 -46500 2000 3500 2700 0 0 0 20 0 44 0 mz-p01-b-ropebrdg20abump noise creakyfloor.wav;create name brdg2
1 1189805704 -46500 2850 5500 2700 0 0 0 17 0 0 0 mz-p01-b-bigtree2
1 1163210552 -46500 1000 5500 2700 0 0 0 14 0 28 0 mz-p01-b-flet1create name plat, sound hum1
1 1163111133 -46500 3000 5500 2700 0 0 0 14 0 16 0 mz-p01-b-flet1create name plat
1 1163113506 -46500 1300 5500 900 0 0 0 16 0 51 0 mz-p01-ob-wheel2create rotate 8 5 0,name drum1;bump warp +0 +0 -.2a
1 1163113509 -46500 1300 5500 2700 0 0 0 16 0 51 0 mz-p01-ob-wheel3create rotate 8 5 0,name drum1;bump warp +0 +0 -.2a
1 1163111135 -46500 2000 5500 2700 0 0 0 14 0 16 0 mz-p01-b-flet1create name plat
1 1162933803 -46602 -950 10004 1500 0 0 0 8 0 0 0 b_riv410
1 1163211675 -46500 2950 13650 1800 0 0 0 8 0 110 0 box-bluecreate solid off,visible off;bump rotate 0 60 0 time=.5 name=spina,move 0 -10 0 wait=10, noise woodturn global
1 1163198567 -46500 3000 13650 1800 0 0 0 14 0 0 0 mz-p01-b-pole2
1 1163198719 -46500 3000 13650 900 0 0 0 15 0 17 0 mz-p01-b-pole2acreate name spina
1 1163197938 -46500 3000 14650 1800 0 0 0 14 0 0 0 mz-p01-b-pole2
1 1163536704 -47000 2000 14150 1800 0 0 0 13 0 0 0 mz-p01-ob-net
1 1163211679 -46500 2950 14650 1800 0 0 0 8 0 111 0 box-bluecreate solid off,visible off;bump rotate 0 60 0 time=.25 name=spina,move 0 -10 0 wait=10, noise woodturn global
1 1163198681 -46500 3000 15650 900 0 0 0 15 0 17 0 mz-p01-b-pole2acreate name spina
1 1163211684 -46500 2950 15650 1800 0 0 0 8 0 110 0 box-bluecreate solid off,visible off;bump rotate 0 60 0 time=.5 name=spina,move 0 -10 0 wait=10, noise woodturn global
1 1163197937 -46500 3000 15650 1800 0 0 0 14 0 0 0 mz-p01-b-pole2
1 1163211641 -46500 2950 16650 1800 0 0 0 8 0 111 0 box-bluecreate solid off,visible off;bump rotate 0 60 0 time=.25 name=spina,move 0 -10 0 wait=10, noise woodturn global
1 1163198262 -46500 3000 16650 1800 0 0 0 14 0 0 0 mz-p01-b-pole2
1 1163536704 -47000 2000 16150 1800 0 0 0 13 0 0 0 mz-p01-ob-net
1 1163198068 -46850 200 17850 1800 0 0 0 5 0 0 0 pine5
1 1163536517 -46464 2500 19291 1650 0 0 0 17 0 0 0 mz-p01-b-bigtree3
1 1163372632 -46787 2350 -8515 2250 0 0 0 14 0 80 0 mz-a01-i-bird1create move -20 1 0 time=5 wait=9 reset, rotate 4 3 3 time=.5 smooth loop global
1 1041637046 -46467 500 -8252 3150 0 0 0 8 0 50 0 ylmaple2create rotate .1 0 0 loop time=2 wait=.3,solid off
1 1041636851 -46623 255 -8804 2400 0 0 0 12 0 0 0 rocksta3.rwx
1 1163372668 -46647 2350 -8655 2250 0 0 0 14 0 80 0 mz-a01-i-bird1create move -20 1 0 time=5 wait=9 reset, rotate 4 3 3 time=.5 smooth loop global
1 1162921090 -46161 850 -5143 1800 0 0 0 5 0 0 0 pine8
1 1163366235 -46035 5070 -3405 0 0 0 0 5 0 0 0 coin4
1 1163368872 -46080 5170 -3500 0 0 0 3 0 0 0 221 000000000000000000000000000000000000000000000000000000000000004040000040400000000000004040000040400000000000000000000000000000000000000000000000000000000000000000000000000000000000000000000000000000000000000000000000000000000000000000000000000000803f0000803f0000803f00002041000020410000204164000000640000000100c8000000640000006400000064000000fff86a00f8ff6f000000803f010100000d00050000000000000000000000007033323a6d33325f7366743034636f696e7331
1 1163544215 -46085 5320 -3405 0 0 0 3 0 0 0 213 0000404000000040000080c0000000000000803f000080400000000000000080bf000080bf000080bf000080bf0000803f0000000000000000000000000000000000000000000000000000c8c20000c8c20000c8c20000c8420000c8420000c842000002c3000002c3000048c20000024300000243000020423333333f3333333f0000003fcdcc4c3ecdcc4c3e0ad7233c640000002c01000004007c15000000000000f4010000f4010000ffff0600ff0000000000803f01000003050005000000000000000000000000636f696e34636f696e7300
1 1163368858 -46080 5170 -3450 0 0 0 3 0 0 0 221 00000000000000000000000000000000000000000000000000000000000000404000004040000000000000404000004040000000000000000000000000000000000000000000000000000000000000000000000000000000000000000000000000000000000000000000000000000000000000000000000000cdcc4c3ecdcc4c3ecdcc4c3e00000040000000400000004064000000640000000300c8000000c80000006400000064000000fff86a00f8ff6f000000803f010100000d00050000000000000000000000007033323a6d33325f7366743034636f696e7331
1 1163364686 -46080 5075 -3450 0 0 0 0 18 0 0 0 mz-p01-i-baggldbig
1 1163368481 -46100 3400 -3437 1530 0 0 0 17 0 0 0 mz-p01-b-bigtree3
1 1162999946 -46681 -61 -1325 2100 -60 0 0 8 0 0 0 b_riv400
1 1165002860 -45920 1000 1420 3150 0 0 0 16 0 13 0 mz-m01-b-barrel1create name y
1 1165002857 -45955 2000 1455 3150 0 0 0 16 0 13 0 mz-m01-b-barrel1create name y
1 1165002849 -45990 2000 1280 3150 0 0 0 16 0 13 0 mz-m01-b-barrel1create name y
1 1165002855 -45885 2000 1315 3150 0 0 0 16 0 13 0 mz-m01-b-barrel1create name y
1 1162999950 -45189 -375 1259 2100 -60 0 0 8 0 0 0 b_riv410
1 1163110118 -45906 -520 2450 2587 -317 99 0 16 0 13 0 mz-m01-b-barrel1create name y
1 1163110121 -45829 -515 2355 3185 -401 -583 0 16 0 13 0 mz-m01-b-barrel2create name y
1 1163110120 -45973 -483 2298 3185 -401 -583 0 16 0 13 0 mz-m01-b-barrel2create name y
1 1163544068 -45400 4401 5500 0 0 0 0 17 0 103 0 mz-p01-bump-checkcreate visible off,solid off; bump noise sfx-unus-089.mp3,move 0 -100 0 time=.1 wait=10;~PawzRacer0007~
1 1163548412 -45400 4700 5500 0 0 0 3 0 0 0 216 00000000000000000000000000000000000000000000000000000000000000000000000000000000000000000000000000000000000000000000000000000000000000000000000000000000000000000000000000000000000000000000000000000000000000000000000000000000000000000000000000000040400000404000004040000040400000404000004040e8030000e80300000100e80300000000000000000000e8030000ffff0000ffff00000000803f000000000d0000000000000000000000000000703132383a6d3132385f6d7a3763
1 1163544005 -45750 3000 5500 0 0 0 0 17 0 103 0 mz-p01-bump-checkcreate visible off,solid off; bump noise sfx-unus-089.mp3,move 0 -100 0 time=.1 wait=10;~PawzRacer0005~
1 1163213624 -45315 2500 5540 1800 0 0 0 2 0 33 0 sbcreate visible off, sound swoosh5
1 1163548348 -45750 3249 5500 0 0 0 3 0 0 0 216 00000000000000000000000000000000000000000000000000000000000000000000000000000000000000000000000000000000000000000000000000000000000000000000000000000000000000000000000000000000000000000000000000000000000000000000000000000000000000000000000000000040400000404000004040000040400000404000004040e8030000e80300000100e80300000000000000000000e8030000ffff0000ffff00000000803f000000000d0000000000000000000000000000703132383a6d3132385f6d7a3563
1 1162933823 -45809 -650 8727 1500 0 0 0 8 0 0 0 b_riv410
1 1162933833 -45800 -600 8000 1800 0 0 0 8 0 0 0 b_riv410
1 1163197937 -45500 3000 13650 1800 0 0 0 14 0 0 0 mz-p01-b-pole2
1 1163211717 -45500 2950 13650 1800 0 0 0 8 0 111 0 box-bluecreate solid off,visible off;bump rotate 0 60 0 time=.25 name=spina,move 0 -10 0 wait=10, noise woodturn global
1 1163536764 -46000 2005 14150 1800 0 0 0 13 0 0 0 mz-p01-ob-net
1 1163198710 -45500 3000 14650 900 0 0 0 15 0 17 0 mz-p01-b-pole2acreate name spina
1 1163197938 -45500 3000 14650 1800 0 0 0 14 0 0 0 mz-p01-b-pole2
1 1163211163 -45515 3700 14540 1800 0 0 0 2 0 38 0 sbcreate visible off, sound jungledrums3
1 1163211703 -45500 2950 14650 1800 0 0 0 8 0 110 0 box-bluecreate solid off,visible off;bump rotate 0 60 0 time=.5 name=spina,move 0 -10 0 wait=10, noise woodturn global
1 1163211697 -45500 2950 15650 1800 0 0 0 8 0 111 0 box-bluecreate solid off,visible off;bump rotate 0 60 0 time=.25 name=spina,move 0 -10 0 wait=10, noise woodturn global
1 1163536686 -46000 2000 15150 1800 0 0 0 13 0 0 0 mz-p01-ob-net
1 1163197937 -45500 3000 15650 1800 0 0 0 14 0 0 0 mz-p01-b-pole2
1 1163211689 -45500 2950 16650 1800 0 0 0 8 0 110 0 box-bluecreate solid off,visible off;bump rotate 0 60 0 time=.5 name=spina,move 0 -10 0 wait=10, noise woodturn global
1 1163536766 -46000 2005 16150 1800 0 0 0 13 0 0 0 mz-p01-ob-net
1 1163198262 -45500 3000 16650 1800 0 0 0 14 0 0 0 mz-p01-b-pole2
1 1163199870 -45500 3000 16650 1800 0 0 0 15 0 17 0 mz-p01-b-pole2acreate name spina
1 1162927523 -45097 4450 -11797 150 0 0 0 17 0 0 0 mz-p01-b-bigtree3
1 1041636857 -45741 255 -10432 2400 0 0 0 12 0 0 0 rocksta3.rwx
1 1245439923 -45100 550 -8950 2700 0 0 0 8 0 0 0 b_riv400
1 1163368517 -45500 5050 -3600 0 0 0 0 17 103 98 0 mz-p01-bump-checkcreate visible off,solid off; bump noise sfx-bttn-028.mp3,move 0 -100 0 time=.1 wait=10;~PawzRacer0004~create visible off,solid off; bump noise crash2.wav,sound coins4, tag coins global;~PawzRacer0010~
1 1163548458 -45500 5349 -3600 0 0 0 3 0 0 0 217 00000000000000000000000000000000000000000000000000000000000000000000000000000000000000000000000000000000000000000000000000000000000000000000000000000000000000000000000000000000000000000000000000000000000000000000000000000000000000000000000000000040400000404000004040000040400000404000004040e8030000e80300000100e80300000000000000000000e8030000ffff0000ffff00000000803f000000000e0000000000000000000000000000703132383a6d3132385f6d7a313000
1 1163110022 -44050 899 2000 0 0 0 3 0 0 0 221 0000a0c1000020c10000a0c10000a041000020410000a041000000000000000000000000000000000000000000000000000000000000000000000000000000000000000000000000000000000000000000000000000000000000000000000000000000000000000000000000000000000000000000000000000000804000008040000080400000a0410000a0410000a04164000000f40100000600e8030000401f000000000000f4010000ffffd500ffff00000000803f010100000d00050000000000000000000000007033323a6d33325f7366743034666972653200
1 1163028560 -45000 4400 5500 1800 -600 0 0 15 0 80 0 mz-ob-medicinebcreate rotate 10 0 0 time=2 loop smooth global nosync,name x;bump warp +1 +0 +0a
1 1163819721 -44848 1000 8350 0 0 0 2 0 0 0 51 0000964300004843000096430000000000803f0000803f4000597160001e00c800000000000000000000000000000000000000
1 1163111112 -44500 4000 11500 0 0 0 0 14 0 16 0 mz-p01-b-flet2create name plat
1 1163111115 -44500 2000 11500 2700 0 0 0 14 0 16 0 mz-p01-b-flet1create name plat
1 1163028592 -44500 3450 11500 2700 0 0 0 17 0 0 0 mz-p01-b-bigtree3
1 1163111114 -44500 3000 11500 2700 0 0 0 14 0 16 0 mz-p01-b-flet1create name plat
1 1163211721 -44500 2950 12650 1800 0 0 0 8 0 111 0 box-bluecreate solid off,visible off;bump rotate 0 60 0 time=.25 name=spina,move 0 -10 0 wait=10, noise woodturn global
1 1163197970 -44500 3000 12650 1800 0 0 0 14 0 0 0 mz-p01-b-pole2
1 1163197957 -44500 3000 13650 1800 0 0 0 14 0 0 0 mz-p01-b-pole2
1 1163199880 -44500 3000 13650 1800 0 0 0 15 0 17 0 mz-p01-b-pole2acreate name spina
1 1163211709 -44500 2950 13650 1800 0 0 0 8 0 110 0 box-bluecreate solid off,visible off;bump rotate 0 60 0 time=.5 name=spina,move 0 -10 0 wait=10, noise woodturn global
1 1163211706 -44500 2950 14650 1800 0 0 0 8 0 111 0 box-bluecreate solid off,visible off;bump rotate 0 60 0 time=.25 name=spina,move 0 -10 0 wait=10, noise woodturn global
1 1163536724 -45000 2000 14150 1800 0 0 0 13 0 0 0 mz-p01-ob-net
1 1163197937 -44500 3000 14650 1800 0 0 0 14 0 0 0 mz-p01-b-pole2
1 1163372109 -44975 650 -17917 2250 0 0 0 4 0 0 0 oak9
1 1162921082 -44161 1000 -6493 1800 0 0 0 6 0 0 0 pine10
1 1162921100 -44911 800 -3993 1800 0 0 0 5 0 0 0 pine6
1 1162925746 -43215 -550 2490 1800 0 0 0 5 0 0 0 pine4
1 1163213715 -43515 2200 2590 1800 0 0 0 2 0 32 0 sbcreate visible off, sound jungle
1 1163213556 -43415 5050 3240 1800 0 0 0 2 0 33 0 sbcreate visible off, sound swoosh5
1 1163028593 -44000 4400 5500 1800 600 0 0 15 0 81 0 mz-ob-medicinebcreate rotate -10 0 0 time=2 loop smooth global nosync,name x;bump warp +1 +0 +0a
1 1163028593 -43500 3000 5500 0 0 0 0 19 0 13 0 mz-p01-b-ropebrdg40create name x
1 1163213562 -43215 5050 5640 1800 0 0 0 2 0 33 0 sbcreate visible off, sound swoosh5
1 1163029396 -43800 49 5000 0 0 0 3 0 0 0 221 0000a0c1000020c10000a0c10000a041000000000000a04100000000000000000000000000000000000000000000000000000000000000000000000000000000000000000000000000000000000000000000000000000000000000000000000000000000000000000000000000000000000000000000000000000000400000004000000040000020410000f0410000204164000000f40100000400dc050000401f000000000000e8030000ffffff0085befe00cdcc4c3f000100000d00050000000000000000000000007033323a6d33325f7366743034666972653100
1 1163028593 -43800 -600 5000 1800 0 0 0 8 0 0 0 b_riv400
1 1163213721 -43215 2500 5090 1800 0 0 0 2 0 33 0 sbcreate visible off, sound swoosh5
1 1163212469 -43500 4400 5500 1800 0 0 0 15 0 30 0 mz-p01-ob-beam1create name x, sound medicine3
1 1163360498 -43158 -1739 7999 1950 0 0 0 13 0 0 0 sv-rhcottage1
1 1163360498 -43084 -1739 7625 150 0 0 0 13 0 0 0 sv-rhcottage1
1 1163360568 -43084 -2114 7625 150 0 0 0 13 0 0 0 sv-rhcottage1
1 1163360568 -43158 -2114 7999 1950 0 0 0 13 0 0 0 sv-rhcottage1
1 1163360572 -43084 -2489 7625 150 0 0 0 13 0 0 0 sv-rhcottage1
1 1163360572 -43158 -2489 7999 1950 0 0 0 13 0 0 0 sv-rhcottage1
1 1163213523 -43215 5050 8040 1800 0 0 0 2 0 35 0 sbcreate visible off, sound swoosh5€
1 1162921295 -43715 -550 9690 1800 0 0 0 5 0 0 0 pine4
1 1163210241 -43215 5050 15890 1800 0 0 0 2 0 32 0 sbcreate visible off, sound jungle
1 1163197899 -43215 350 15140 1800 0 0 0 5 0 0 0 pine9
1 1162927902 -43950 1100 21700 1800 0 0 0 5 0 0 0 oak10
1 1041636598 -43921 700 -14050 3150 0 0 0 8 0 50 0 ylmaple2create rotate .1 0 0 loop time=2 wait=.3,solid off
1 1163024053 -43795 5100 -4285 220 30 7 0 19 0 0 0 mz-p01-b-ropebrdg40
1 1162933967 -43698 300 -1258 450 0 0 0 4 0 0 0 oak7
1 1163213728 -43565 4950 -10 1800 0 0 0 2 0 32 0 sbcreate visible off, sound jungle
1 1162921334 -42965 -400 740 1800 0 0 0 5 0 0 0 pine6
1 1163028548 -43000 4400 5500 1800 -600 0 0 15 0 80 0 mz-ob-medicinebcreate rotate 10 0 0 time=2 loop smooth global nosync,name x;bump warp +1 +0 +0a
1 1162921305 -42265 -500 8790 1800 0 0 0 5 0 0 0 pine6
1 1162921301 -42465 -500 9940 1800 0 0 0 5 0 0 0 pine5
1 1163210224 -42915 3700 10490 1800 0 0 0 2 0 32 0 sbcreate visible off, sound jungle
1 1162937195 -42500 4000 11500 1800 0 0 0 19 0 0 0 mz-p01-b-ropebrdg20
1 1163112785 -42500 2000 11500 1800 0 0 0 19 0 17 0 mz-p01-b-ropebrdg20create name brdg3
1 1162921234 -42865 550 17590 1800 0 0 0 5 0 0 0 pine6
1 1041609804 -42100 505 -32965 0 0 0 0 8 0 0 0 b_riv400
1 1041636759 -42139 565 -13132 2670 0 0 0 5 0 52 0 fern8create solid off, rotate .05 0 0 loop time=3 wait=.4
1 1041617926 -42292 615 -12787 870 0 0 0 9 0 20 0 millwheelcreate rotate 0 0 -5
1 1041618049 -42314 825 -11414 690 0 0 0 5 0 0 0 vhay1
1 1041618043 -42211 825 -11637 840 0 0 0 5 0 0 0 vhay1
1 1041617926 -42614 465 -11903 870 0 0 0 4 0 0 0 mill
1 1041618043 -42211 925 -11637 840 0 0 0 5 0 0 0 vhay1
1 1245440045 -42103 550 -10970 2700 0 0 0 8 0 0 0 b_riv410
1 1245440049 -42103 550 -6970 2700 0 0 0 8 0 0 0 b_riv410
1 1163363311 -42028 5495 -3612 3450 0 0 0 17 0 0 0 mz-p01-bump-prox4
1 1163363111 -42390 5570 -3593 0 0 0 3 0 0 0 221 0000000000000000000000000000000000000000000000000000000000000080bf0000a04000000000000080bf0000a040000000000000000000000000000000000000000000000000000000000000000000000000000000000000000000000000000000000000000000000000000000000000000000000000cdcc4c3ecdcc4c3ecdcc4c3e00000040000000400000004064000000640000000300c8000000c80000006400000064000000fff86a00f8ff6f000000803f010100000d00050000000000000000000000007033323a6d33325f7366743034666972653200
1 1163363111 -42403 5570 -3545 0 0 0 3 0 0 0 221 0000000000000000000000000000000000000000000000000000000000000080bf0000a04000000000000080bf0000a0400000000000000000000000000000000000000000000000000000000000000000000000000000000000000000000000000000000000000000000000000000000000000000000000000000803f0000803f0000803f00002041000020410000204164000000640000000100c8000000640000006400000064000000fff86a00f8ff6f000000803f010100000d00050000000000000000000000007033323a6d33325f7366743034666972653200
1 1163375642 -42135 5426 -3521 2250 0 0 0 14 0 30 0 mz-a01-i-bird1create name bird1, visible off
1 1163375643 -42031 5451 -3486 2250 0 0 0 14 0 30 0 mz-a01-i-bird1create name bird1, visible off
1 1163363111 -42345 5500 -3627 3150 0 0 0 15 0 221 0 mz-p01-ob-demo2activate move 0 -.5 0 time=.5,noise cannonbig3.wav,tag fire2,rotate 2 0 0 time=6 wait=999 name=fall2 smooth,move 20 -30 20 time=6 wait=999 name=fall2 smooth,rotate 4 4 4 name=y,move 0 -100 0 time=12 wait=999 name=y global
1 1163363111 -42345 5500 -3627 3150 0 0 0 15 0 0 0 mz-p01-ob-demo1
1 1163363111 -42390 5670 -3593 0 0 0 3 0 0 0 221 00000000000080bf0000000000000000000080bf0000000000000000000000000000000000000000000000000000000000000080bf0000803f0000803f0000803f0000803f0000803f0000000000000000000000000000000000000000000000000000000000000000000000000000000000000000000000000000003f0000003f0000003f00002041000020410000204164000000f4010000010070170000e80300006400000084030000c8c8c800c8c8c8000000803f000100000d00050000000000000000000000007033323a6d33325f7366743034666972653200
1 1162921336 -41965 -500 2690 1800 0 0 0 5 0 0 0 pine5
1 1163533030 -41415 -422 5989 548 -356 -363 0 16 0 13 0 mz-m01-b-barrel2create name x
1 1163533030 -41241 3000 5109 3300 0 0 0 13 0 0 0 mz-ob-lever1a
1 1163533030 -41241 2995 5108 3450 0 0 0 17 0 0 0 mz-p01-bump-prox4
1 1163548396 -41995 4400 5485 1800 600 0 0 15 0 81 0 mz-ob-medicinebcreate rotate -10 0 0 time=2 loop smooth global nosync,name x;bump warp +1 +0 +0a
1 1163533030 -41565 2500 5540 1800 0 0 0 2 0 33 0 sbcreate visible off, sound swoosh5
1 1163533030 -41293 2900 5077 600 300 0 0 13 0 83 0 mz-ob-lever1bactivate move  0 -10 0 time=.5 smooth name=plat,move 0 -99 0 time=.1 wait=25 global
1 1163110097 -41349 -417 6279 2724 96 483 0 16 0 13 0 mz-m01-b-barrel2create name x
1 1163110095 -41199 -399 6200 308 -189 49 0 16 0 13 0 mz-m01-b-barrel1create name x
1 1163110093 -41114 -394 6348 283 -229 72 0 16 0 13 0 mz-m01-b-barrel2create name x
1 1163110101 -41476 -451 6060 548 -356 -363 0 16 0 13 0 mz-m01-b-barrel2create name x
1 1163110098 -41311 -452 6102 308 -189 49 0 16 0 13 0 mz-m01-b-barrel1create name x
1 1163111185 -41229 -433 6006 3465 -101 168 0 16 0 13 0 mz-m01-b-barrel1create name x
1 1163373788 -41144 826 7369 3000 0 0 0 14 0 30 0 mz-a01-i-bird1create name bird1, visible off
1 1163373788 -41070 975 7498 3000 0 0 0 14 0 30 0 mz-a01-i-bird1create name bird1, visible off
1 1163373788 -41083 900 7278 3000 0 0 0 14 0 30 0 mz-a01-i-bird1create name bird1, visible off
1 1163373788 -41083 851 7278 3000 0 0 0 14 0 30 0 mz-a01-i-bird1create name bird1, visible off
1 1162933833 -41800 -600 8000 1800 0 0 0 8 0 0 0 b_riv410
1 1162931826 -41467 200 10852 2400 0 0 0 11 0 0 0 sv-mladder3
1 1163206439 -41850 5200 19200 0 0 0 0 10 0 18 0 mz-ob-wallcreate visible off
1 1041609929 -41100 500 -36950 0 0 0 0 8 0 0 0 b_riv400
1 1041609927 -41100 500 -32950 0 0 0 0 8 0 0 0 b_riv400
1 1162999931 -41100 500 -28950 0 0 0 0 8 0 0 0 b_riv400
1 1162999926 -41100 500 -24950 0 0 0 0 8 0 0 0 b_riv400
1 1162999921 -41100 500 -20950 0 0 0 0 8 0 0 0 b_riv400
1 1041636778 -41171 515 -19102 3450 0 0 0 5 0 52 0 fern8create solid off, rotate .05 0 0 loop time=3 wait=.4
1 1041636671 -41028 515 -17511 3450 0 0 0 5 0 52 0 fern8create solid off, rotate .05 0 0 loop time=3 wait=.4
1 1162999917 -41100 500 -16950 0 0 0 0 8 0 0 0 b_riv400
1 1041636681 -41146 560 -16300 3300 0 0 0 5 0 52 0 fern6create solid off, rotate .05 0 0 loop time=3 wait=.4
1 1041636710 -41637 565 -15241 3570 0 0 0 5 0 52 0 fern8create solid off, rotate .05 0 0 loop time=3 wait=.4
1 1162854774 -41807 100 -13568 900 0 0 0 7 0 0 0 bridge1
1 1245439818 -41100 495 -12950 0 0 0 0 8 0 0 0 b_riv400
1 1245440058 -41100 495 -8950 0 0 0 0 8 0 0 0 b_riv400
1 1163530369 -41464 5500 -4779 300 0 0 0 14 0 0 0 mz-p01-b-flet3
1 1163108138 -41501 2500 -4831 3000 0 0 0 17 0 0 0 mz-p01-b-bigtree2
1 1163368732 -41823 5570 -3314 0 0 0 3 0 0 0 221 0000000000000000000000000000000000000000000000000000000000000080bf0000a04000000000000080bf0000a040000000000000000000000000000000000000000000000000000000000000000000000000000000000000000000000000000000000000000000000000000000000000000000000000cdcc4c3ecdcc4c3ecdcc4c3e00000040000000400000004064000000640000000300c8000000c80000006400000064000000fff86a00f8ff6f000000803f010100000d00050000000000000000000000007033323a6d33325f7366743034666972653100
1 1163368725 -41836 5570 -3266 0 0 0 3 0 0 0 221 0000000000000000000000000000000000000000000000000000000000000080bf0000a04000000000000080bf0000a0400000000000000000000000000000000000000000000000000000000000000000000000000000000000000000000000000000000000000000000000000000000000000000000000000000803f0000803f0000803f00002041000020410000204164000000640000000100c8000000640000006400000064000000fff86a00f8ff6f000000803f010100000d00050000000000000000000000007033323a6d33325f7366743034666972653100
1 1163363120 -41823 5670 -3314 0 0 0 3 0 0 0 221 00000000000080bf0000000000000000000080bf0000000000000000000000000000000000000000000000000000000000000080bf0000803f0000803f0000803f0000803f0000803f0000000000000000000000000000000000000000000000000000000000000000000000000000000000000000000000000000003f0000003f0000003f00002041000020410000204164000000f4010000010070170000e80300006400000084030000c8c8c800c8c8c8000000803f000100000d00050000000000000000000000007033323a6d33325f7366743034666972653100
1 1163363120 -41825 5500 -3362 3450 0 0 0 15 0 206 0 mz-p01-ob-demo2activate move 0 -.5 0 time=.5,noise cannonbig3.wav,tag fire1,rotate 2 0 0 time=6 wait=999 name=fall1,move 20 -30 20 time=6 wait=999 name=fall1,rotate 4 4 4 name=x,move 0 -99 0 time=12 wait=999 name=x global
1 1163363120 -41825 5500 -3362 3450 0 0 0 15 0 0 0 mz-p01-ob-demo1
1 1163530442 -41100 5500 -3550 0 0 0 0 17 103 138 0 mz-p01-bump-checkcreate visible off,solid off; bump noise sfx-bttn-028.mp3,move 0 -100 0 time=.1 wait=10;~PawzRacer0004~create visible off,solid off; bump noise crash2.wav,rotate 5 10 5 name=a,move 0 -80 0 time=8 wait=999 name=a global,move 0 -100 0 wait=999
1 1162922067 -41150 2200 -228 2550 0 0 0 9 0 0 0 sv-mmoss1
1 1162939127 -40169 5050 9 3000 0 0 0 9 0 16 0 sv-mmoss1create solid off
1 1163213731 -40765 4950 40 1800 0 0 0 2 0 32 0 sbcreate visible off, sound jungle
1 1163544026 -40400 4000 250 0 0 0 0 17 0 103 0 mz-p01-bump-checkcreate visible off,solid off; bump noise sfx-unus-089.mp3,move 0 -100 0 time=.1 wait=10;~PawzRacer0006~
1 1163003252 -40400 4299 250 0 0 0 3 0 0 0 216 00000000000000000000000000000000000000000000000000000000000000000000000000000000000000000000000000000000000000000000000000000000000000000000000000000000000000000000000000000000000000000000000000000000000000000000000000000000000000000000000000000040400000404000004040000040400000404000004040e8030000e80300000100e80300000000000000000000e8030000ffff0000ffff00000000803f000000000d0000000000000000000000000000703132383a6d3132385f6d7a3663
1 1163031436 -40500 3000 2500 900 0 0 0 19 0 13 0 mz-p01-b-ropebrdg40create name x
1 1163371509 -40715 1800 2340 0 0 0 3 0 0 0 223 000080400000004000008040000000000000803f0000804000000000000000a0400000803f00000041000000400000803f0000000000000000000000000000804000000000000000000000c8420000c8420000c8420000c8c20000c8c20000c8c2000002430000024300004842000002c3000002c3000020c23333333f3333333f0000003fcdcc4c3ecdcc4c3e0ad7233c640000002c01000002007c150000b80b0000f4010000f4010000ffff0600ff0000000000803f010000030e00060000000000000000000000006d7a2d6130312d692d626972643166666c69657300
1 1163371377 -40500 2000 2500 2700 0 0 0 19 0 13 0 mz-p01-b-ropebrdg40create name x
1 1163028593 -40864 6900 2468 3013 13 81 0 19 0 13 0 mz-p01-b-ropebrdg40create name x
1 1163028593 -40500 4000 2500 2700 0 0 0 19 0 13 0 mz-p01-b-ropebrdg40create name x
1 1163110080 -40390 -100 4380 3073 -131 -308 0 16 0 13 0 mz-m01-b-barrel2create name x
1 1163110082 -40400 -100 4550 2250 0 0 0 16 0 13 0 mz-m01-b-barrel1create name x
1 1163028366 -40654 6000 4931 1950 0 0 0 11 0 13 0 sv-mladder3create name x
1 1163110088 -40814 -200 4548 2668 -43 13 0 16 0 13 0 mz-m01-b-barrel2create name x
1 1163110084 -40500 -150 4500 2700 0 0 0 16 0 13 0 mz-m01-b-barrel1create name x
1 1163110085 -40640 -150 4380 1627 -59 328 0 16 0 13 0 mz-m01-b-barrel2create name x
1 1163110078 -40300 -50 4500 3073 -131 -308 0 16 0 13 0 mz-m01-b-barrel2create name x
1 1163110087 -40650 -150 4550 2700 0 0 0 16 0 13 0 mz-m01-b-barrel1create name x
1 1163371525 -40465 1850 4390 0 0 0 0 8 0 46 0 animate8create visible off, solid off; bump tag fflies
1 1163110257 -40500 6000 5500 1800 0 0 0 14 0 13 0 mz-p01-b-flet2create name x
1 1163086976 -40899 6000 5512 3300 0 0 0 11 0 13 0 sv-mladder3create name x
1 1163028593 -40500 3250 5500 450 0 0 0 17 0 17 0 mz-p01-b-bigtree1create name fall1
1 1163110249 -40500 2000 5500 0 0 0 0 14 0 13 0 mz-p01-b-flet1create name x
1 1163029202 -40500 899 5500 0 0 0 3 0 0 0 221 0000a0c1000020c10000a0c10000a041000020410000a041000000000000000000000000000000000000000000000000000000000000000000000000000000000000000000000000000000000000000000000000000000000000000000000000000000000000000000000000000000000000000000000000000000804000008040000080400000a0410000a0410000a04164000000f40100000600e8030000401f000000000000f4010000ffffd500ffff00000000803f010100000d00050000000000000000000000007033323a6d33325f7366743034666972653100
1 1163110247 -40500 1000 5500 2700 0 0 0 14 0 13 0 mz-p01-b-flet1create name x
1 1163190469 -40500 5000 5500 2700 0 0 0 14 0 13 0 mz-p01-b-flet2create name x
1 1163548431 -40500 7099 5500 0 0 0 3 0 0 0 216 00000000000000000000000000000000000000000000000000000000000000000000000000000000000000000000000000000000000000000000000000000000000000000000000000000000000000000000000000000000000000000000000000000000000000000000000000000000000000000000000000000040400000404000004040000040400000404000004040e8030000e80300000100e80300000000000000000000e8030000ffff0000ffff00000000803f000000000d0000000000000000000000000000703132383a6d3132385f6d7a3863
1 1163110251 -40500 3000 5500 0 0 0 0 14 0 13 0 mz-p01-b-flet1create name x
1 1163544086 -40550 6900 5500 0 0 0 0 17 0 103 0 mz-p01-bump-checkcreate visible off,solid off; bump noise sfx-unus-089.mp3,move 0 -100 0 time=.1 wait=10;~PawzRacer0008~
1 1163110253 -40500 4000 5500 2700 0 0 0 14 0 13 0 mz-p01-b-flet1create name x
1 1163545017 -40792 4901 6285 600 300 0 0 13 0 83 0 mz-ob-lever1bactivate move  0 -10 0 time=.5 smooth name=plat,move 0 -99 0 time=.1 wait=25 global
1 1164905756 -40500 2299 6300 0 0 0 3 0 0 0 216 00000000000000000000000000000000000000000000000000000000000000000000000000000000000000000000000000000000000000000000000000000000000000000000000000000000000000000000000000000000000000000000000000000000000000000000000000000000000000000000000000000040400000404000004040000040400000404000004040e8030000e80300000100e80300000000000000000000e8030000ffff0000ffff00000000803f000000000d0000000000000000000000000000703132383a6d3132385f6d7a3463
1 1163545017 -40740 5000 6315 3300 0 0 0 13 0 0 0 mz-ob-lever1a
1 1163545051 -40746 1995 6405 1650 0 0 0 14 0 0 0 mz-p01-ob-hut1
1 1163550808 -40752 2002 6414 1650 0 225 0 15 0 223 0 mz-p01-ob-leveractivate move  0 -20 0 time=2 wait=20 smooth name=brdg3,move 0 -99 0 time=.1 wait=25,noise crash2.wav global, visible bird1 on, move -90 35 10 time=12 wait=9999 name=bird1, rotate 4 3 3 time=.5 smooth loop name=bird1 global
1 1193244762 -40740 4995 6315 3300 0 0 0 17 0 0 0 mz-p01-bump-prox4
1 1163545017 -40500 2000 6300 0 0 0 0 17 0 103 0 mz-p01-bump-checkcreate visible off,solid off; bump noise sfx-unus-089.mp3,move 0 -100 0 time=.1 wait=10;~PawzRacer0004~
1 1163373788 -40985 851 7447 3000 0 0 0 14 0 30 0 mz-a01-i-bird1create name bird1, visible off
1 1163373788 -40789 877 7393 3000 0 0 0 14 0 30 0 mz-a01-i-bird1create name bird1, visible off
1 1163210587 -40615 2350 8240 1800 0 0 0 2 0 32 0 sbcreate visible off, sound jungle
1 1163028458 -40500 1000 8500 2700 0 0 0 19 0 13 0 mz-p01-b-ropebrdg40create name x
1 1163028452 -40500 4000 8500 2700 0 0 0 19 0 13 0 mz-p01-b-ropebrdg40create name x
1 1163112760 -40500 2000 8500 2700 0 0 0 19 0 17 0 mz-p01-b-ropebrdg40create name brdg3
1 1163210527 -40500 2000 11500 2700 0 0 0 14 0 28 0 mz-p01-b-flet1create name plat, sound hum1
1 1163028592 -40500 2250 11500 0 0 0 0 16 0 51 0 mz-p01-ob-wheel1create rotate 8 5 0,name drum1;bump warp +0 +0 -.2a
1 1163111105 -40500 4000 11500 2700 0 0 0 14 0 16 0 mz-p01-b-flet1create name plat
1 1163028592 -40500 2250 11500 1800 0 0 0 16 0 51 0 mz-p01-ob-wheel1create rotate 8 5 0,name drum1;bump warp +0 +0 -.2a
1 1163028592 -40500 2250 11500 2700 0 0 0 16 0 51 0 mz-p01-ob-wheel2create rotate 8 5 0,name drum1;bump warp +0 +0 -.2a
1 1163210530 -40500 3250 11501 2700 0 0 0 17 0 0 0 mz-p01-b-bigtree3
1 1163111109 -40500 1000 11500 2700 0 0 0 14 0 16 0 mz-p01-b-flet1create name plat
1 1163028593 -40500 2250 11500 900 0 0 0 16 0 51 0 mz-p01-ob-wheel2create rotate 8 5 0,name drum1;bump warp +0 +0 -.2a
1 1163206382 -40850 5000 14650 0 0 0 2 0 0 0 51 000020410000f041000048420000009a9919beae47813f0000ffffff000100c409000000000000000000000000000000000000
1 1163203248 -40907 5150 17466 3000 0 0 0 17 0 0 0 mz-p01-b-bigtree3
1 1041636684 -40967 515 -17056 3000 0 0 0 5 0 52 0 fern7create solid off, rotate .05 0 0 loop time=3 wait=.4
1 1041626043 -40257 100 -13573 900 0 0 0 7 0 0 0 bridge1
1 1162921195 -40561 700 -7193 1050 0 0 0 6 0 0 0 pine10
1 1163213737 -40765 4950 -4560 1800 0 0 0 2 0 32 0 sbcreate visible off, sound jungle
1 1163085503 -40475 5890 -2570 3022 23 226 0 19 0 40 0 mz-p01-b-ropebrdg20create name a;bump noise creakyfloor.wav
1 1163111151 -40500 4000 -500 2700 0 0 0 14 0 16 0 mz-p01-b-flet1create name plat
1 1163111154 -40500 2000 -500 2700 0 0 0 14 0 16 0 mz-p01-b-flet1create name plat
1 1163544096 -40450 6000 -500 0 0 0 0 17 0 103 0 mz-p01-bump-checkcreate visible off,solid off; bump noise sfx-unus-089.mp3,move 0 -100 0 time=.1 wait=10;~PawzRacer0009~
1 1163213774 -40500 3650 -500 900 -1800 0 0 14 0 77 0 mz-p01-b-flet1create move 0 -6 0 wait=2 smooth loop;bump warp +1 +1 +.2a, sound hum2 global
1 1163548440 -40450 6399 -500 0 0 0 3 0 0 0 216 00000000000000000000000000000000000000000000000000000000000000000000000000000000000000000000000000000000000000000000000000000000000000000000000000000000000000000000000000000000000000000000000000000000000000000000000000000000000000000000000000000040400000404000004040000040400000404000004040e8030000e80300000100e80300000000000000000000e8030000ffff0000ffff00000000803f000000000d0000000000000000000000000000703132383a6d3132385f6d7a3963
1 1163085503 -40500 3400 -500 3000 0 0 0 17 0 0 0 mz-p01-b-bigtree2
1 1163111153 -40500 3000 -500 2700 0 0 0 14 0 16 0 mz-p01-b-flet1create name plat
1 1162921383 -39071 1100 1217 2250 0 0 0 5 0 0 0 pine1
1 1163373759 -39923 1501 7803 3000 0 0 0 14 0 30 0 mz-a01-i-bird1create name bird1, visible off
1 1163373759 -39923 1550 7803 3000 0 0 0 14 0 30 0 mz-a01-i-bird1create name bird1, visible off
1 1163373759 -39825 1501 7973 3000 0 0 0 14 0 30 0 mz-a01-i-bird1create name bird1, visible off
1 1163373759 -39984 1476 7895 3000 0 0 0 14 0 30 0 mz-a01-i-bird1create name bird1, visible off
1 1163373759 -39629 1526 7919 3000 0 0 0 14 0 30 0 mz-a01-i-bird1create name bird1, visible off
1 1163373759 -39910 1625 8023 3000 0 0 0 14 0 30 0 mz-a01-i-bird1create name bird1, visible off
1 1162921213 -39670 1200 15515 2250 0 0 0 6 0 0 0 pine10
1 1041610318 -39239 545 -28189 2700 0 0 0 4 0 0 0 oak9
1 1041459301 -39239 545 -18139 2700 0 0 0 4 0 0 0 oak9
1 1041610448 -39302 615 -17152 2220 0 0 0 5 0 52 0 fern8create solid off, rotate .05 0 0 loop time=3 wait=.4
1 1041636811 -39673 560 -17906 1800 150 0 0 5 0 52 0 fern8create solid off, rotate .05 0 0 loop time=3 wait=.4
1 1041610372 -39673 515 -16606 1800 0 0 0 5 0 52 0 fern8create solid off, rotate .05 0 0 loop time=3 wait=.4
1 1041610424 -39488 515 -15726 2400 0 0 0 5 0 52 0 fern4create solid off, rotate .05 0 0 loop time=3 wait=.4
1 1041610400 -39523 560 -15406 1800 0 0 0 5 0 52 0 fern6create solid off, rotate .05 0 0 loop time=3 wait=.4
1 1041539573 -39217 475 -8095 600 0 0 0 6 0 0 0 fence5
1 1162921188 -39561 1100 -3643 1800 0 0 0 6 0 0 0 pine10
1 1162939274 -38411 1050 807 1800 0 0 0 6 0 0 0 pine10
1 1162921349 -38581 900 1917 2250 0 0 0 5 0 0 0 pine4
1 1162921380 -38931 1000 2197 2250 0 0 0 5 0 0 0 pine2
1 1163028379 -38500 3000 5500 1800 0 0 0 19 0 13 0 mz-p01-b-ropebrdg20create name x
1 1163110787 -38500 2000 5500 1800 0 0 0 20 0 95 0 mz-p01-b-ropebrdg20bbump tag wood2,move 0 -100 0 time=.1 wait=9999,noise crash2.wav,visible plank2 on;create name y
1 1163028382 -38500 1000 5500 1800 0 0 0 19 0 13 0 mz-p01-b-ropebrdg20create name x
1 1163110753 -38500 2000 5500 1800 0 0 0 20 0 40 0 mz-p01-b-ropebrdg20abump noise creakyfloor.wav;create name y
1 1163206460 -38100 5500 19200 0 0 0 2 0 0 0 51 000020420000f0410000f04100010100004041000000000000919191003200b004000000000000000000000000000000000000
1 1162920492 -38500 3000 -500 1800 0 0 0 19 0 0 0 mz-p01-b-ropebrdg20
1 1162920489 -38500 2000 -500 1800 0 0 0 19 0 0 0 mz-p01-b-ropebrdg20
1 1162917228 -37340 1250 340 3150 0 0 0 11 0 0 0 sv-mladder3
1 1162921406 -37671 700 2337 2250 0 0 0 5 0 0 0 pine6
1 1163110776 -37750 1850 5500 0 0 0 0 9 0 18 0 box-solidcreate visible off
1 1163110782 -37600 1885 5500 0 0 0 0 9 0 18 0 box-solidcreate visible off
1 1163110792 -37850 1851 5501 0 0 0 3 0 0 0 223 0000803f000000000000803f000080bf00000000000080bf000000000000000000000000000000000000000000000000000000000000000000000000000000000000000000000000000000000000000000000000000000000000000000000000000000000000000000000000000000344300003443000034430000803f0000803f0000803f0000803f0000803f0000803fe8030000102700000300d0070000e80300000000000000000000ffffff00ffffff000000803f000200030f00050000000000000000000000006d7a2d7030312d622d706c616e6b31776f6f643200
1 1163217619 -37579 180 6113 3000 0 0 0 11 0 0 0 sv-mladder3
1 1162921418 -37711 450 8357 1800 0 0 0 4 0 25 0 oak8create sound !_dfa_04.wav
1 1163210231 -37765 5050 10540 1800 0 0 0 2 0 32 0 sbcreate visible off, sound jungle
1 1162921433 -37221 800 10405 2250 0 0 0 5 0 0 0 pine3
1 1163210235 -37765 5050 14940 1800 0 0 0 2 0 32 0 sbcreate visible off, sound jungle
1 1041459100 -37075 1200 -1930 1350 0 0 0 4 0 0 0 oak6
1 1162916065 -36500 2000 1500 2700 0 0 0 19 0 0 0 mz-p01-b-ropebrdg20
1 1162916061 -36500 2000 3500 2700 0 0 0 19 0 0 0 mz-p01-b-ropebrdg20
1 1163020018 -36500 3100 5500 2700 0 0 0 17 0 0 0 mz-p01-b-bigtree3
1 1163016640 -36500 2300 5500 2700 0 0 0 16 0 51 0 mz-p01-ob-wheel3create rotate 8 6 0,name drum1;bump warp +0 +0 -.2a
1 1163111169 -36500 3000 5500 2700 0 0 0 14 0 16 0 mz-p01-b-flet1create name plat
1 1163218031 -36501 2000 5515 105 0 0 0 14 0 16 0 mz-p01-b-flet2create name plat
1 1163016223 -36500 2300 5500 0 0 0 0 16 0 51 0 mz-p01-ob-wheel1create rotate 8 6 0,name drum1;bump warp +0 +0 -.2a
1 1163111172 -36500 1000 5500 2700 0 0 0 14 0 16 0 mz-p01-b-flet1create name plat
1 1163016651 -36500 2300 5500 900 0 0 0 16 0 51 0 mz-p01-ob-wheel3create rotate 8 6 0,name drum1;bump warp +0 +0 -.2a
1 1163016225 -36500 2300 5500 1800 0 0 0 16 0 51 0 mz-p01-ob-wheel1create rotate 8 6 0,name drum1;bump warp +0 +0 -.2a
1 1163375085 -36086 3150 8984 1350 0 0 0 14 0 83 0 mz-a01-i-bird1create move 99 1 -95 time=35 wait=19 reset, rotate 4 3 3 time=.5 smooth loop global
1 1162921424 -36066 1200 10580 2250 0 0 0 5 0 0 0 pine4
1 1041360708 -36342 465 -4370 3300 0 0 0 10 0 0 0 grass1.rwx
1 1163111162 -36500 3000 -500 0 0 0 0 14 0 16 0 mz-p01-b-flet2create name plat
1 1163002784 -36500 3000 -500 0 0 0 0 17 0 0 0 mz-p01-b-bigtree3
1 1163111164 -36500 2000 -500 2700 0 0 0 14 0 16 0 mz-p01-b-flet1create name plat
1 1163213760 -35115 3600 4840 1800 0 0 0 2 0 32 0 sbcreate visible off, sound jungle
1 1163375085 -35947 3150 9124 1350 0 0 0 14 0 83 0 mz-a01-i-bird1create move 99 1 -95 time=35 wait=19 reset, rotate 4 3 3 time=.5 smooth loop global
1 1162921143 -35680 1450 12295 2250 0 0 0 5 0 0 0 pine8
1 1162933618 -35797 6450 21024 1800 0 0 0 17 0 0 0 mz-p01-b-bigtree3
1 1041615151 -35274 700 -18505 0 0 0 0 4 0 0 0 oak7
1 1041615017 -35260 460 -15048 600 0 0 0 8 0 0 0 vdwall1a
1 1041615017 -35010 460 -15481 600 0 0 0 8 0 0 0 vdwall1a
1 1161979926 -35200 450 -14965 0 0 0 0 8 0 0 0 vdwall1a
1 1161979437 -35950 450 -14750 2700 0 0 0 8 0 0 0 vdwall1a
1 1161979438 -35950 450 -14250 2700 0 0 0 8 0 0 0 vdwall1a
1 1041615017 -35760 460 -14182 600 0 0 0 8 0 0 0 vdwall1a
1 1161979896 -35700 450 -14965 0 0 0 0 8 0 0 0 vdwall1a
1 1041615017 -35510 460 -14615 600 0 0 0 8 0 0 0 vdwall1a
1 1161979438 -35950 450 -13750 2700 0 0 0 8 0 0 0 vdwall1a
1 1161979438 -35950 450 -13250 2700 0 0 0 8 0 0 0 vdwall1a
1 1041627686 -35895 460 -13948 600 0 0 0 6 0 25 0 vrock2create sound !_dfa_01.wav
1 1161979439 -35950 450 -12250 2700 0 0 0 8 0 0 0 vdwall1a
1 1161979438 -35950 450 -12750 2700 0 0 0 8 0 0 0 vdwall1a
1 1161979439 -35950 450 -11750 2700 0 0 0 8 0 0 0 vdwall1a
1 1161979439 -35950 450 -11250 2700 0 0 0 8 0 0 0 vdwall1a
1 1161979439 -35950 450 -10750 2700 0 0 0 8 0 0 0 vdwall1a
1 1161979439 -35950 450 -10250 2700 0 0 0 8 0 0 0 vdwall1a
1 1041537854 -36000 450 -10650 900 0 0 0 5 0 52 0 fern8create solid off, rotate .05 0 0 loop time=3 wait=.4
1 1041537873 -35572 450 -10034 2250 0 0 0 5 0 52 0 fern7create solid off, rotate .05 0 0 loop time=3 wait=.4
1 1161979440 -35950 450 -9250 2700 0 0 0 8 0 0 0 vdwall1a
1 1161979440 -35950 450 -9750 2700 0 0 0 8 0 0 0 vdwall1a
1 1161979440 -35950 450 -8750 2700 0 0 0 8 0 0 0 vdwall1a
1 1161980169 -35940 400 -8200 2700 0 0 0 6 0 0 0 vrock2
1 1161979440 -35950 450 -8250 2700 0 0 0 8 0 0 0 vdwall1a
1 1162927559 -35760 4450 -6280 450 0 0 0 17 0 0 0 mz-p01-b-bigtree3
1 1163374681 -34166 3301 8483 2700 0 0 0 14 0 30 0 mz-a01-i-bird1create name bird1, visible off
1 1163374681 -34166 3350 8483 2700 0 0 0 14 0 30 0 mz-a01-i-bird1create name bird1, visible off
1 1163374681 -34166 3301 8678 2700 0 0 0 14 0 30 0 mz-a01-i-bird1create name bird1, visible off
1 1163374681 -34265 3276 8531 2700 0 0 0 14 0 30 0 mz-a01-i-bird1create name bird1, visible off
1 1162921450 -34141 1450 8655 2250 0 0 0 5 0 0 0 pine3
1 1163374681 -34265 3425 8680 2700 0 0 0 14 0 30 0 mz-a01-i-bird1create name bird1, visible off
1 1041615018 -34010 460 -17214 600 0 0 0 8 0 0 0 vdwall1a
1 1041627740 -34235 710 -16824 600 0 0 0 8 0 38 0 soundsrccreate sound !_dfa_02.wav, visible off
1 1041615018 -34260 460 -16781 600 0 0 0 8 0 0 0 vdwall1a
1 1041615164 -34510 460 -16347 600 0 0 0 8 0 0 0 vdwall2a
1 1041615176 -34760 460 -15914 2400 0 0 0 8 0 0 0 vdwall2a
1 1161979926 -34700 450 -14965 0 0 0 0 8 0 0 0 vdwall1a
1 1161979926 -34200 450 -14965 0 0 0 0 8 0 0 0 vdwall1a
1 1041537922 -34111 450 -12540 2400 0 0 0 5 0 52 0 fern4create solid off, rotate .05 0 0 loop time=3 wait=.4
1 1041537932 -34346 450 -12733 2100 0 0 0 5 0 52 0 fern6create solid off, rotate .05 0 0 loop time=3 wait=.4
1 1041537903 -34198 450 -12318 2850 0 0 0 5 0 52 0 fern8create solid off, rotate .05 0 0 loop time=3 wait=.4
1 1162852236 -34900 1050 -50 0 0 0 0 19 0 0 0 mz-p01-b-ropebrdg20
1 1162921047 -33961 1050 3597 2250 0 0 0 5 0 0 0 pine8
1 1163374396 -33022 1976 7850 2250 0 0 0 14 0 30 0 mz-a01-i-bird1create name bird1, visible off
1 1163374702 -33179 2876 7588 3150 0 0 0 14 0 30 0 mz-a01-i-bird1create name bird1, visible off
1 1163374702 -33073 3025 7692 3150 0 0 0 14 0 30 0 mz-a01-i-bird1create name bird1, visible off
1 1163374702 -33005 2901 7622 3150 0 0 0 14 0 30 0 mz-a01-i-bird1create name bird1, visible off
1 1163374702 -33144 2950 7484 3150 0 0 0 14 0 30 0 mz-a01-i-bird1create name bird1, visible off
1 1163374702 -33144 2901 7484 3150 0 0 0 14 0 30 0 mz-a01-i-bird1create name bird1, visible off
1 1163374681 -33969 3326 8729 2700 0 0 0 14 0 30 0 mz-a01-i-bird1create name bird1, visible off
1 1162921147 -33056 1450 10790 2250 0 0 0 5 0 0 0 pine8
1 1162933602 -33850 6450 15701 2550 0 0 0 17 0 0 0 mz-p01-b-bigtree3
1 1041615022 -33260 460 -18513 600 0 0 0 8 0 0 0 vdwall1a
1 1041615019 -33510 460 -18080 600 0 0 0 8 0 0 0 vdwall1a
1 1041615018 -33760 460 -17647 600 0 0 0 8 0 0 0 vdwall1a
1 1041614348 -33717 490 -17621 600 0 0 0 8 0 0 0 vdwall1a
1 1161979927 -33200 450 -14965 0 0 0 0 8 0 0 0 vdwall1a
1 1161979927 -33700 450 -14965 0 0 0 0 8 0 0 0 vdwall1a
1 1162921033 -32911 1100 657 2250 0 0 0 6 0 0 0 pine10
1 1162921441 -32531 1200 7045 2250 0 0 0 5 0 0 0 pine6
1 1041360120 -32381 4495 -29432 3300 0 0 0 4 0 0 0 oak9
1 1041634806 -32466 400 -17727 1350 0 0 0 12 0 0 0 rocksta3.rwx
1 1161979927 -32200 450 -14965 0 0 0 0 8 0 0 0 vdwall1a
1 1161979927 -32700 450 -14965 0 0 0 0 8 0 0 0 vdwall1a
1 1041537906 -32784 450 -13803 3150 0 0 0 5 0 52 0 fern9create solid off, rotate .05 0 0 loop time=3 wait=.4
1 1162933388 -32594 505 -9444 2250 0 0 0 4 0 0 0 oak9
1 1161979494 -32750 500 -5050 0 0 0 0 6 0 0 0 fence5
1 1161979495 -32250 500 -5050 0 0 0 0 6 0 0 0 fence5
1 1162934221 -31374 945 -19655 0 0 0 0 4 0 0 0 oak9
1 1041360249 -31300 415 -7015 3150 0 0 0 4 0 0 0 oak7
1 1162933581 -30950 5650 8801 2700 0 0 0 17 0 0 0 mz-p01-b-bigtree3
1 1041360080 -30006 5145 -33545 3300 0 0 0 4 0 0 0 oak9
1 1041636450 -30574 700 -18455 0 0 0 0 8 0 50 0 grmaple2create rotate .1 0 0 loop time=2 wait=.3,solid off
1 1161979975 -30200 450 -14965 0 0 0 0 8 0 0 0 vdwall1a
1 1161979969 -30700 450 -14965 0 0 0 0 8 0 0 0 vdwall1a
1 1161979495 -30750 500 -5050 0 0 0 0 6 0 0 0 fence5
1 1161979495 -30250 500 -5050 0 0 0 0 6 0 0 0 fence5
1 1162928056 -29550 3250 2650 3300 0 0 0 17 0 0 0 mz-p01-b-bigtree3
1 1041359964 -29683 2200 -24006 3300 0 0 0 4 0 0 0 oak7
1 1161979997 -29200 450 -14965 0 0 0 0 8 0 0 0 vdwall1a
1 1161979994 -29700 450 -14965 0 0 0 0 8 0 0 0 vdwall1a
1 1041360266 -29900 500 -7050 3450 0 0 0 4 0 0 0 oak7
1 1161979496 -29750 500 -5050 0 0 0 0 6 0 0 0 fence5
1 1161979496 -29250 500 -5050 0 0 0 0 6 0 0 0 fence5
1 1041360101 -28498 5095 -35157 3300 0 0 0 4 0 0 0 oak9
1 1041359980 -28812 2945 -27313 3300 0 0 0 4 0 0 0 oak9
1 1161979999 -28700 450 -14965 0 0 0 0 8 0 0 0 vdwall1a
1 1161980003 -28200 450 -14965 0 0 0 0 8 0 0 0 vdwall1a
1 1055531471 -28654 400 -11834 2400 0 0 0 5 0 0 0 oak10
1 1161979496 -28750 500 -5050 0 0 0 0 6 0 0 0 fence5
1 1161979496 -28250 500 -5050 0 0 0 0 6 0 0 0 fence5
1 1161980009 -27200 450 -14965 0 0 0 0 8 0 0 0 vdwall1a
1 1161980007 -27700 450 -14965 0 0 0 0 8 0 0 0 vdwall1a
1 1041455257 -27269 450 -13552 3150 0 0 0 4 0 0 0 oak9
1 1161980436 -27929 350 -8500 1050 0 0 0 4 0 0 0 oak7
1 1161979500 -27250 500 -5050 0 0 0 0 6 0 0 0 fence5
1 1161979496 -27750 500 -5050 0 0 0 0 6 0 0 0 fence5
1 1041364431 -26973 2200 159 1800 0 0 0 4 0 0 0 oak7
1 1041360095 -26147 4895 -32530 3300 0 0 0 4 0 0 0 oak9
1 1041359966 -26899 1995 -23726 3300 0 0 0 4 0 0 0 oak9
1 1041452251 -26996 1095 -18029 2850 0 0 0 4 0 0 0 oak9
1 1161980017 -26200 450 -14965 0 0 0 0 8 0 0 0 vdwall1a
1 1161980016 -26700 450 -14965 0 0 0 0 8 0 0 0 vdwall1a
1 1161979501 -26750 500 -5050 0 0 0 0 6 0 0 0 fence5
1 1161979581 -26250 500 -5050 0 0 0 0 6 0 0 0 fence5
1 1161979646 -26000 500 -14300 900 0 0 0 6 0 0 0 fence5
1 1041456955 -25477 640 -14434 3300 0 0 0 4 0 40 0 oak5create rotate .1 0 0 loop time=2 wait=.3
1 1161980088 -26000 450 -14600 900 0 0 0 6 0 0 0 vrock2
1 1161979930 -25200 450 -14965 0 0 -150 0 8 0 0 0 vdwall1a
1 1161980080 -26000 450 -14850 900 0 0 0 8 0 0 0 vdwall1a
1 1161979646 -26000 500 -13800 900 0 0 0 6 0 0 0 fence5
1 1161979645 -26000 500 -13300 900 0 0 0 6 0 0 0 fence5
1 1161979645 -26000 500 -12300 900 0 0 0 6 0 0 0 fence5
1 1161979645 -26000 500 -12800 900 0 0 0 6 0 0 0 fence5
1 1161979644 -26000 500 -11300 900 0 0 0 6 0 0 0 fence5
1 1161979645 -26000 500 -11800 900 0 0 0 6 0 0 0 fence5
1 1161979644 -26000 500 -10800 900 0 0 0 6 0 0 0 fence5
1 1161979644 -26000 500 -10300 900 0 0 0 6 0 0 0 fence5
1 1161979644 -26000 500 -9800 900 0 0 0 6 0 0 0 fence5
1 1161979644 -26000 500 -9300 900 0 0 0 6 0 0 0 fence5
1 1161979643 -26000 500 -8300 900 0 0 0 6 0 0 0 fence5
1 1161979644 -26000 500 -8800 900 0 0 0 6 0 0 0 fence5
1 1161979643 -26000 500 -7800 900 0 0 0 6 0 0 0 fence5
1 1161979643 -26000 500 -7300 900 0 0 0 6 0 0 0 fence5
1 1161979643 -26000 500 -6300 900 0 0 0 6 0 0 0 fence5
1 1161979643 -26000 500 -6800 900 0 0 0 6 0 0 0 fence5
1 1161979642 -26000 500 -5300 900 0 0 0 6 0 0 0 fence5
1 1161979642 -26000 500 -5800 900 0 0 0 6 0 0 0 fence5
1 1161979931 -24200 450 -14965 0 0 -150 0 8 0 0 0 vdwall1a
1 1161979930 -24700 450 -14965 0 0 -150 0 8 0 0 0 vdwall1a
1 1162921123 -24306 2500 -1289 1050 0 0 0 4 0 0 0 oak9
1 1161979933 -23700 450 -14965 0 0 -150 0 8 0 0 0 vdwall1a
1 1041620306 -23774 1150 -14936 1350 0 0 0 8 0 50 0 ylmaple4create rotate .1 0 0 loop time=2 wait=.3,solid off
1 1008348897 -16347 6403 6026 1875 8 -30 0 6 0 0 0 fence5
1 1008348776 -15365 6463 6019 1830 -49 -43 0 6 0 0 0 fence5
1 1008348850 -15860 6428 6010 1738 -50 -50 0 6 0 0 0 fence5
1 1041638319 -15860 6338 6010 0 0 0 0 4 0 25 0 oak9create sound !_dfa_02.wav
1 1008348743 -14881 6488 5990 1834 -49 2 0 6 0 0 0 fence5
1 1008348727 -14383 6478 5946 1850 -49 16 0 6 0 0 0 fence5
1 1008348676 -14007 6448 5729 2335 -98 26 0 6 0 0 0 fence5
1 1008348554 -13141 6333 4536 2292 -105 -210 0 6 0 0 0 fence5
1 1008348582 -13449 6283 4924 2345 -99 85 0 6 0 0 0 fence5
1 1008348636 -13728 6378 5333 2348 -99 100 0 6 0 0 0 fence5
1 1008117835 -12521 6418 3858 2162 -3 138 0 6 0 0 0 fence5
1 1008116647 -12167 6318 3534 2283 0 94 0 6 0 0 0 fence5
1 1008117995 -12847 6453 4170 2317 -99 -76 0 6 0 0 0 fence5
1 1041638403 -11392 5896 1561 2428 23 15 0 4 0 25 0 oak8create sound !_dfa_05.wav
1 1008115580 -11299 5951 1609 2428 23 15 0 6 0 0 0 fence5
1 1008115083 -11068 5934 1166 2429 53 17 0 6 0 0 0 fence5
1 1008116268 -11529 6078 2836 2234 57 169 0 6 0 0 0 fence5
1 1008119741 -11521 5948 2049 2428 28 -24 0 6 0 0 0 fence5
1 1008116088 -11482 5968 2465 3062 22 67 0 6 0 0 0 fence5
1 1008116566 -11852 6218 3165 2283 15 109 0 6 0 0 0 fence5
1 1008114907 -10226 6049 878 1835 3 -91 0 6 0 0 0 fence5
1 1008115014 -10715 5969 913 1835 3 -91 0 6 0 0 0 fence5
1 1041638353 -10385 5751 -170 1978 27 -6 0 4 0 25 0 oak6create sound !_dfa_01.wav
1 1008114869 -9744 6091 848 1835 3 -25 0 6 0 0 0 fence5
1 1008114784 -9261 6106 751 1984 -15 -30 0 6 0 0 0 fence5
1 1009495609 -9338 2457 9429 0 0 0 0 6 0 0 0 birch1
1 1041638368 -9699 5401 -1504 2428 23 15 0 4 0 25 0 oak6create sound !_dfa_03.wav
1 1008114687 -8793 6171 590 1984 -15 -105 0 6 0 0 0 fence5
1 1008118531 -8340 6226 432 1999 -18 -15 0 6 0 0 0 fence5
1 1008104401 -7461 6226 210 1572 0 96 0 6 0 0 0 fence5
1 1008104286 -7006 6139 399 1572 0 75 0 6 0 0 0 fence5
1 1008104575 -7895 6256 233 2074 -8 -30 0 6 0 0 0 fence5
1 1041638453 -6504 5901 697 0 0 0 0 5 0 25 0 pine7create sound !_dfa_01.wav
1 1008104180 -6056 6137 686 1650 0 -39 0 6 0 0 0 fence5
1 1008104676 -6536 6104 558 1657 0 0 0 6 0 0 0 fence5
1 1008104143 -5578 6161 814 1650 0 -30 0 6 0 0 0 fence5
1 1041638509 -5804 5911 997 0 0 0 0 5 0 25 0 pine6create sound !_dfa_01.wav
1 1008104088 -5100 6183 939 1650 0 -34 0 6 0 0 0 fence5
1 1041638527 -5098 5861 1541 3450 0 0 0 5 0 25 0 pine8create sound !_dfa_01.wav
1 1008104016 -4610 6231 1000 1800 0 -58 0 6 0 0 0 fence5
1 1008101545 -4115 6282 1000 1800 0 -60 0 6 0 0 0 fence5
1 1162926077 -4625 2000 3500 900 0 0 0 20 0 26 0 mz-p01-b-ropebrdg20abump noise creakyfloor.wav
1 1162926077 -4576 1851 4050 0 0 0 3 0 0 0 223 0000803f000000000000803f000080bf00000000000080bf000000000000000000000000000000000000000000000000000000000000000000000000000000000000000000000000000000000000000000000000000000000000000000000000000000000000000000000000000000344300003443000034430000803f0000803f0000803f0000803f0000803f0000803fe8030000102700000300d0070000e80300000000000000000000ffffff00ffffff000000803f000200030f00050000000000000000000000006d7a2d7030312d622d706c616e6b31776f6f643100
1 1008101425 -3125 6404 996 1805 0 -75 0 6 0 0 0 fence5
1 1041638554 -3764 5911 1588 3450 0 0 0 5 0 25 0 pine7create sound !_dfa_01.wav
1 1008101495 -3621 6341 1000 1800 0 -78 0 6 0 0 0 fence5
1 1008101376 -2640 6451 992 1805 0 -38 0 6 0 0 0 fence5
1 1008101347 -2147 6478 981 1819 0 -29 0 6 0 0 0 fence5
1 1041638586 -2305 5861 1358 3450 0 0 0 6 0 25 0 pine10create sound !_dfa_01.wav
1 1008101222 -1158 6500 944 1864 0 19 0 6 0 0 0 fence5
1 1008101247 -1650 6497 970 1804 0 -21 0 6 0 0 0 fence5
1 1008270867 -1772 6142 1635 2096 -134 -131 0 8 0 16 0 grmaple1create solid off
1 1008114128 -1274 5507 2671 2434 -108 -106 0 6 0 0 0 birch3
1 1006371720 -1097 -2215 7877 2014 0 0 0 11 0 0 0 pan2102.rwx
1 1006371720 -1376 -2215 7986 2014 0 0 0 11 0 0 0 pan2102.rwx
1 1006371720 -1934 -2215 8205 2014 0 0 0 11 0 0 0 pan2102.rwx
1 1006371720 -1655 -2215 8096 2014 0 0 0 11 0 0 0 pan2102.rwx
1 1008119032 -193 6410 970 20 -4 -87 0 6 0 0 0 fence5
1 1011396383 -563 6277 526 3364 0 0 0 6 0 0 0 birch1
1 1008101201 -673 6466 944 1726 0 60 0 6 0 0 0 fence1
1 1008897666 -207 5213 3288 0 150 0 0 6 217 250 0 birch3this is a really longthis is a really longthis is a really longthis is a really longthis is a really longthis is a really longthis is a really longthis is a really longthis is a really longthis is a really longthis isthis is a really longthis is a really longthis is a really longthis is a really longthis is a really longthis is a really longthis is a really longthis is a really longthis is a really longthis is a really longthis is a really longthis is a really lo
1 1006371719 -259 -2215 7548 2014 0 0 0 11 0 0 0 pan2102.rwx
1 1006371719 -538 -2215 7658 2014 0 0 0 11 0 0 0 pan2102.rwx
1 1006371720 -817 -2215 7767 2014 0 0 0 11 0 0 0 pan2102.rwx
1 1008114307 -404 5757 -840 3514 9 -9 0 6 0 0 0 birch1
1 1008352902 -102 6007 -207 2914 0 8 0 6 0 0 0 birch1