elevdump version 2
0 0 0 0 4 1 1 0 0
0 0 0 8 4 1 1 0 0
0 0 0 16 4 1 1 0 0
0 0 0 24 4 1 1 0 0
0 0 0 32 4 1 1 0 0
0 0 0 40 4 1 1 0 0
0 0 0 48 4 1 1 0 0
0 0 0 56 4 1 1 0 0
0 0 0 64 4 1 1 0 0
0 0 0 72 4 1 1 0 0
0 0 0 80 4 1 1 0 0
0 0 0 88 4 1 1 0 0
0 0 0 96 4 1 1 0 0
0 0 0 104 4 1 1 0 0
0 0 0 112 4 1 1 0 0
0 0 0 120 4 1 1 0 0
0 0 8 0 4 1 1 0 0
0 0 8 8 4 1 1 0 0
0 0 8 16 4 1 1 0 0
0 0 8 24 4 1 1 0 0
0 0 8 32 4 1 1 0 0
0 0 8 40 4 1 1 0 0
0 0 8 48 4 1 1 0 0
0 0 8 56 4 1 1 0 0
0 0 8 64 4 1 1 0 0
0 0 8 72 4 1 1 0 0
0 0 8 80 4 1 1 0 0
0 0 8 88 4 1 1 0 0
0 0 8 96 4 1 1 0 0
0 0 8 104 4 1 1 0 0
0 0 8 112 4 1 1 0 0
0 0 8 120 4 1 1 0 0
0 0 16 0 4 1 1 0 0
0 0 16 8 4 1 1 0 0
0 0 16 16 4 1 1 0 0
0 0 16 24 4 1 1 0 0
0 0 16 32 4 1 1 0 0
0 0 16 40 4 1 1 0 0
0 0 16 48 4 1 1 0 0
0 0 16 56 4 1 1 0 0
0 0 16 64 4 1 1 0 0
0 0 16 72 4 1 1 0 0
0 0 16 80 4 1 1 0 0
0 0 16 88 4 1 1 0 0
0 0 16 96 4 1 1 0 0
0 0 16 104 4 1 1 0 0
0 0 16 112 4 1 1 0 0
0 0 16 120 4 1 1 0 0
0 0 24 0 4 1 1 0 0
0 0 24 8 4 1 1 0 0
0 0 24 16 4 1 1 0 0
0 0 24 24 4 1 1 0 0
0 0 24 32 4 1 1 0 0
0 0 24 40 4 1 1 0 0
0 0 24 48 4 1 1 0 0
0 0 24 56 4 1 1 0 0
0 0 24 64 4 1 1 0 0
0 0 24 72 4 1 1 0 0
0 0 24 80 4 1 1 0 0
0 0 24 88 4 1 1 0 0
0 0 24 96 4 1 1 0 0
0 0 24 104 4 1 1 0 0
0 0 24 112 4 1 1 0 0
0 0 24 120 4 1 1 0 0
0 0 32 0 4 1 1 0 0
0 0 32 8 4 1 1 0 0
0 0 32 16 4 1 1 0 0
0 0 32 24 4 1 1 0 0
0 0 32 32 4 1 1 0 0
0 0 32 40 4 1 1 0 0
0 0 32 48 4 1 1 0 0
0 0 32 56 4 1 1 0 0
0 0 32 64 4 1 1 0 0
0 0 32 72 4 1 1 0 0
0 0 32 80 4 1 1 0 0
0 0 32 88 4 1 1 0 0
0 0 32 96 4 1 1 0 0
0 0 32 104 4 1 1 0 0
0 0 32 112 4 1 1 0 0
0 0 32 120 4 1 1 0 0
0 0 40 0 4 1 1 0 0
0 0 40 8 4 1 1 0 0
0 0 40 16 4 1 1 0 0
0 0 40 24 4 1 1 0 0
0 0 40 32 4 1 1 0 0
0 0 40 40 4 1 1 0 0
0 0 40 48 4 1 1 0 0
0 0 40 56 4 1 1 0 0
0 0 40 64 4 64 1 0 0 0 0 0 0 0 0 0 0 0 0 0 0 0 0 0 0 0 0 0 0 0 0 0 0 0 0 0 0 0 0 0 0 0 0 0 0 0 0 0 0 0 0 0 0 0 0 0 0 0 0 0 0 0 10 0 0 0 0 0 0 0 10 0
0 0 40 72 4 64 64 0 0 0 0 0 0 0 10 0 0 0 0 0 0 0 0 0 0 0 499 499 499 499 499 0 0 0 499 499 0 0 0 0 0 0 499 499 0 0 0 0 0 0 499 0 0 0 0 0 0 0 499 0 499 499 499 0 0 0 499 499 499 499 499 0 0 0 0 0 0 0 0 0 0 0 0 0 0 0 0 0 0 0 0 5100 5100 5100 5100 0 0 0 0 5100 0 0 0 0 0 0 0 5100 0 0 0 0 0 0 5100 0 0 0 0 0 0 0 5100 0 0 2550 3000 0 0 0 5100 0 3300 0 0
0 0 40 80 4 64 64 0 0 0 499 499 499 499 499 0 0 0 0 499 499 499 499 0 0 0 0 499 499 499 499 0 0 0 0 0 0 499 499 0 0 0 0 0 0 499 499 0 0 0 0 0 0 499 499 0 0 0 0 0 0 499 499 0 0 0 0 0 0 499 499 0 0 0 5100 0 4400 0 0 0 0 0 5100 5100 4950 0 0 0 0 0 0 5100 5250 4650 0 0 0 0 0 5100 5100 5100 3600 0 0 0 5100 5100 0 5100 0 0 0 0 0 5100 5100 5100 0 0 0 0 0 0 5100 5100 0 0 0 0 0 0 5750 5100 0
0 0 40 88 4 64 64 0 0 0 0 0 0 499 499 0 0 0 0 0 0 499 499 0 0 0 0 0 0 499 499 0 0 0 0 0 0 499 499 0 0 0 0 0 0 499 0 0 0 0 0 0 0 499 0 0 0 0 0 0 0 499 0 0 0 0 0 0 0 0 0 0 0 0 0 0 5100 5100 0 0 0 0 0 0 5450 5400 5100 0 0 0 0 0 0 5200 5100 0 0 0 0 0 0 0 5100 0 0 0 0 0 0 0 5100 0 0 0 0 0 0 0 0 0 0 0 0 0 0 0 0 0 0 0 0 0 0 0 0
0 0 40 96 4 1 1 0 0
0 0 40 104 4 1 1 0 0
0 0 40 112 4 1 1 0 0
0 0 40 120 4 1 1 0 0
0 0 48 0 4 1 1 0 0
0 0 48 8 4 1 1 0 0
0 0 48 16 4 1 1 0 0
0 0 48 24 4 1 1 0 0
0 0 48 32 4 1 1 0 0
0 0 48 40 4 1 1 0 0
0 0 48 48 4 64 64 0 0 0 0 200 200 200 200 0 0 0 0 200 200 200 200 0 0 0 0 200 200 200 200 0 0 0 0 200 200 200 200 0 0 0 0 200 200 200 200 0 0 0 0 0 200 200 200 0 0 0 0 0 200 200 200 0 0 0 200 200 200 200 200 0 0 0 0 0 0 0 0 0 0 0 0 0 0 0 0 0 0 0 0 0 0 0 0 0 0 0 0 0 0 0 0 0 0 0 0 0 0 0 0 0 0 0 0 0 0 0 0 0 0 0 0 0 0 0 0 0 0 0 1100 850 0 0 0
0 0 48 56 4 64 64 0 0 0 200 200 200 200 200 0 0 0 200 200 200 200 200 0 0 0 200 200 200 200 16590 0 0 0 200 200 200 200 200 0 0 0 0 0 0 0 0 0 0 0 0 0 0 0 0 0 0 0 0 0 0 0 0 0 0 0 0 0 21 49173 21 0 0 0 1400 0 0 0 0 0 0 0 1400 0 0 0 0 0 0 0 1250 0 0 0 0 0 0 0 1050 0 0 0 0 0 0 0 1300 950 900 950 900 0 0 0 0 0 0 0 0 0 0 0 0 0 0 0 0 0 0 0 0 0 0 0 0
0 0 48 64 4 64 64 0 0 0 0 21 20 10 20 0 21 49173 21 10 20 20 20 20 20 20 20 20 20 20 20 10 20 20 20 20 20 20 20 0 10 20 20 20 20 20 20 10 10 20 20 20 20 20 20 10 20 20 20 20 20 20 20 10 20 20 20 20 20 20 20 0 0 0 0 0 0 0 0 0 0 0 0 0 0 0 0 0 0 0 0 0 0 0 0 0 0 0 0 0 0 0 0 0 0 0 0 0 -100 -100 -100 0 0 0 0 0 -100 -100 -100 0 0 0 0 0 -100 -100 0 0 0 0 0 0 0 0 0
0 0 48 72 4 64 64 10 10 20 20 20 20 20 20 0 0 20 20 20 10 10 20 499 499 499 499 10 10 10 33266 0 0 0 20 20 10 10 33266 500 500 500 500 500 500 500 33266 500 500 500 499 499 499 499 499 499 499 499 499 499 33266 33266 33266 499 499 499 498 499 33266 33266 33266 0 0 0 0 0 0 50 50 0 0 0 0 0 150 150 150 5100 5100 5100 5100 4350 150 150 150 0 0 0 0 3550 0 0 3350 0 0 0 650 4200 0 4250 2450 650 1300 0 2500 3050 2250 1750 2250 2900 2600 1550 1250 0 0 0 200 2400 1500 0 0 0 0 0 0
0 0 48 80 4 64 64 499 499 499 499 499 33266 33266 33266 499 499 499 498 498 33266 33266 33266 499 499 499 33266 498 499 33266 33266 499 499 499 499 499 499 33266 33266 499 499 499 499 499 498 33266 33266 499 499 33266 499 499 33266 498 499 33266 499 499 499 499 499 33266 499 0 0 499 499 499 499 499 499 2800 1850 1200 0 0 0 0 0 2450 2250 1450 0 0 0 0 0 2500 2250 1300 0 0 0 0 0 3350 2050 3000 800 0 0 0 0 2300 2000 3100 1750 0 0 0 0 2650 2650 3250 1500 550 0 0 0 2650 2500 4650 800 500 0 0 0 0 1800 3250 1300 1050 1350 50 50
0 0 48 88 4 64 64 0 0 0 0 0 499 499 499 499 499 499 499 0 0 0 0 499 499 499 499 499 499 499 499 499 499 499 499 499 499 499 499 0 0 0 0 0 0 0 0 0 0 0 0 0 0 0 0 0 0 0 0 0 0 0 0 0 0 0 0 0 0 0 0 0 0 1400 1750 1700 2200 1700 2200 0 0 1100 1200 1750 1600 2600 1700 5300 5100 4800 0 0 0 0 0 5850 5750 5100 5100 5100 5100 5100 5100 5100 5100 5100 5300 5200 5200 5450 5100 0 0 0 0 0 0 0 0 0 0 0 0 0 0 0 0 0 0 0 0 0 0 0 0
0 0 48 96 4 1 1 0 0
0 0 48 104 4 1 1 0 0
0 0 48 112 4 1 1 0 0
0 0 48 120 4 1 1 0 0
0 0 56 0 4 1 1 0 0
0 0 56 8 4 1 1 0 0
0 0 56 16 4 1 1 0 0
0 0 56 24 4 1 1 0 0
0 0 56 32 4 1 1 0 0
0 0 56 40 4 1 1 0 0
0 0 56 48 4 1 1 200 0
0 0 56 56 4 64 64 200 200 200 200 200 200 200 206 200 200 200 200 200 200 200 32973 49357 49357 49356 49357 49356 49358 200 32973 200 200 200 200 200 200 200 32972 200 200 200 200 200 200 200 32973 0 200 200 200 200 200 200 32974 21 200 200 200 200 200 200 200 20 200 200 200 200 200 200 200 0 0 0 0 0 0 0 0 0 0 0 0 0 0 0 0 0 0 0 0 0 0 0 0 0 0 0 0 0 0 0 0 1050 0 0 0 0 0 0 0 0 1800 0 0 0 0 0 0 0 1700 0 0 0 0 0 0 0 1700 1400 0 0 0 0 0
0 0 56 64 4 64 64 20 20 20 200 200 200 200 206 20 20 20 200 200 200 200 204 20 20 20 200 200 200 200 205 20 33266 32789 0 0 200 200 205 20 33266 33266 33266 33266 200 200 32974 20 33266 33266 33266 33266 33266 0 0 20 33266 33266 33266 33266 33266 0 0 33266 33266 33266 33266 33266 33266 0 0 0 0 1500 1750 0 0 0 0 0 0 0 1750 0 0 0 0 0 0 0 1450 0 0 0 0 0 0 0 350 0 0 0 0 -100 0 0 550 0 0 0 0 -100 0 0 0 0 0 0 3200 50 50 0 0 0 3300 3200 0 50 50 100 0 0 3950 3200 0
0 0 56 72 4 64 64 33266 33266 33266 33266 33266 33266 49173 0 33266 33266 33266 33266 33266 33266 32789 307 33266 33266 33266 33266 33266 33266 0 307 33266 33266 33266 33266 33266 33266 500 500 33266 33266 33266 33266 33266 33266 28 16413 33266 33266 33266 33266 33266 33266 28 500 33266 33266 33266 33266 33266 33266 33266 33266 33266 33266 33266 33266 33266 33266 498 33266 50 50 -100 50 0 0 3200 0 200 -100 -100 0 150 3950 3200 0 200 -100 -100 50 0 0 3200 0 0 4700 4850 4650 4150 4600 0 3400 4350 2800 2800 2800 3550 2650 4450 100 200 -100 -100 50 700 -300 0 400 200 -100 -100 550 -300 -300 0 0 250 -100 -100 -200 0 0 100 0
0 0 56 80 4 64 64 33266 33266 33266 33266 33266 498 498 498 33266 33266 33266 33266 33266 498 498 499 33266 33266 33266 33266 33266 498 499 498 33266 33266 33266 33266 33266 499 499 498 33266 33266 33266 33266 33266 498 499 499 499 498 33266 33266 33266 498 499 33266 498 499 498 499 499 499 499 499 499 499 499 499 499 499 499 500 200 -100 -100 0 0 0 0 100 0 0 -300 50 0 0 0 0 0 -100 -100 -100 0 0 0 0 0 -100 -100 0 -20 0 0 1300 0 -5 -5 0 0 0 0 1050 0 0 0 0 0 0 0 1150 0 0 0 0 0 0 0 1900 0 0 0 0 0 750 700 1200
0 0 56 88 4 64 64 499 499 499 499 499 499 499 499 0 0 499 499 0 499 499 0 499 499 499 499 499 499 499 0 499 499 499 499 499 499 499 499 0 0 0 0 0 0 0 0 0 0 0 0 0 0 0 0 0 0 0 0 0 0 0 0 0 0 0 0 0 0 0 0 2100 2300 2850 3150 1850 1300 1300 0 1400 700 1350 2000 1650 4250 4700 5050 0 0 0 4150 0 0 0 5100 5100 5600 5100 5100 5100 5100 5100 5100 5100 6550 5100 5100 5450 5200 5500 0 0 0 0 0 0 0 0 0 0 0 0 0 0 0 0 0 0 0 0 0 0 0 0 0
0 0 56 96 4 1 1 0 0
0 0 56 104 4 1 1 0 0
0 0 56 112 4 1 1 0 0
0 0 56 120 4 1 1 0 0
0 0 64 0 4 1 1 0 0
0 0 64 8 4 1 1 0 0
0 0 64 16 4 1 1 0 0
0 0 64 24 4 1 1 0 0
0 0 64 32 4 1 1 0 0
0 0 64 40 4 1 1 0 0
0 0 64 48 4 64 64 200 0 0 0 0 0 0 0 200 0 0 0 0 0 0 0 200 0 0 0 0 0 0 0 200 0 0 0 0 0 0 0 200 0 0 0 0 0 0 0 200 200 200 200 200 200 200 200 200 200 200 200 200 200 200 200 200 200 200 200 200 200 200 200 0 0 0 0 0 0 0 0 0 0 0 0 0 0 0 0 0 0 0 0 0 0 0 0 0 0 0 0 0 0 0 0 0 0 0 0 0 0 0 0 0 0 0 0 0 0 0 0 0 0 0 0 0 0 0 0 0 0 350 0 0 0 0 0
0 0 64 56 4 1 64 200 0 0 450 500 550 500 500 0 0 0 800 550 0 0 0 0 0 0 0 0 0 0 0 0 0 0 0 0 0 0 0 0 0 0 0 0 0 0 0 0 0 0 0 0 0 0 0 0 0 300 0 0 0 0 0 0 0 0 0 0 0 0 0 0
0 0 64 64 4 64 64 200 200 200 200 200 200 200 200 200 200 200 200 200 200 200 200 200 200 200 200 200 200 200 200 200 200 0 0 0 0 0 0 200 0 0 302 302 33078 33078 16394 0 0 0 0 33078 33071 33071 16694 0 0 0 0 300 301 303 10 307 0 0 0 300 301 16694 10 0 0 0 0 0 0 0 0 0 0 0 450 400 0 0 0 0 0 0 0 4200 0 3300 3400 0 0 3200 4500 4450 3950 3700 3850 4050 0 3200 0 0 0 350 0 3200 3200 0 0 0 0 0 0 0 0 0 0 0 0 0 0 0 0 0 0 0 0 0 0
0 0 64 72 4 64 64 0 16384 0 0 0 0 0 10 0 0 0 0 0 0 0 10 0 307 0 0 0 0 0 0 500 500 500 500 500 500 500 500 0 0 307 307 0 0 0 0 16413 0 0 0 0 307 0 0 500 0 307 0 0 0 500 500 500 0 0 307 307 0 500 500 0 0 0 0 0 0 0 0 0 0 0 0 0 300 550 350 2400 2350 2300 2200 0 900 850 300 1200 0 2000 2500 550 850 850 850 0 100 0 0 2700 650 0 0 0 0 0 0 2550 0 0 0 0 0 0 0 2550 0 0 0 0 0 0 0 2650 0 0 0
0 0 64 80 4 64 64 500 0 0 0 0 307 500 0 500 0 0 16691 307 307 0 0 500 500 0 307 300 300 500 500 500 500 0 0 0 300 500 500 500 500 500 500 0 500 500 500 500 500 500 500 500 500 500 500 500 500 500 500 500 500 500 500 500 500 500 500 500 0 0 0 450 800 1050 2550 3000 0 0 0 850 1150 1650 3300 0 0 0 0 950 1450 1900 3600 0 0 0 0 1300 1500 2200 3600 0 0 0 0 1050 1750 3250 2250 0 0 0 1500 1400 3100 250 0 0 0 2050 1350 1350 2950 -50 0 0 0 600 1250 1600 2950 2300 2100 3500 2450 2150 1450
0 0 64 88 4 64 64 499 500 500 500 0 0 0 0 0 0 0 0 0 0 0 0 0 0 0 0 0 0 0 0 0 0 0 0 0 0 0 0 0 0 0 0 0 0 0 0 0 0 0 0 0 0 0 0 0 0 0 0 0 0 0 0 0 0 0 0 0 0 0 0 950 1900 2550 2200 3150 0 0 0 4800 4450 3850 3250 0 0 0 0 0 0 0 1500 0 0 0 0 0 0 0 2350 0 0 0 0 0 0 0 2350 0 0 0 0 0 0 0 1850 0 0 0 0 0 0 0 1500 1950 0 0 0 0 0 0 0 1800 1750 0 0
0 0 64 96 4 1 64 0 0 0 0 0 0 1750 0 0 0 0 0 0 0 0 0 0 0 0 0 0 0 0 0 0 0 0 0 0 0 0 0 0 0 0 0 0 0 0 0 0 0 0 0 0 0 0 0 0 0 0 0 0 0 0 0 0 0 0 0 0 0 0 0 0
0 0 64 104 4 1 1 0 0
0 0 64 112 4 1 1 0 0
0 0 64 120 4 1 1 0 0
0 0 72 0 4 1 1 0 0
0 0 72 8 4 1 1 0 0
0 0 72 16 4 1 1 0 0
0 0 72 24 4 64 1 0 0 0 0 0 0 0 0 0 0 0 0 0 0 0 0 0 0 0 0 0 0 0 0 0 0 0 0 0 0 0 0 0 0 0 0 0 0 0 0 0 0 0 299 299 299 299 299 0 0 0 299 299 299 299 299 0 0 0 299 299 299 299 299 0
0 0 72 32 4 64 1 0 0 0 299 299 299 299 299 0 0 0 299 299 299 299 299 0 0 0 299 299 299 299 299 0 0 0 299 299 299 299 299 0 0 0 299 299 299 299 299 0 0 0 299 299 299 299 299 0 0 0 299 299 299 299 299 0 0 0 299 299 299 299 299 0
0 0 72 40 4 64 1 0 0 0 299 299 299 299 299 0 0 0 299 299 299 299 299 0 0 0 0 0 0 0 0 0 0 0 0 0 0 0 0 0 0 0 0 0 0 0 0 0 0 0 0 0 0 0 0 0 0 0 0 0 0 0 0 0 0 0 0 0 0 0 0 0
0 0 72 48 4 64 1 0 0 0 0 0 0 0 0 0 0 0 0 0 0 0 0 0 0 0 0 0 0 0 0 0 0 0 0 0 0 0 0 0 0 0 0 0 0 0 0 200 200 200 0 0 0 0 0 200 200 200 0 0 0 0 0 200 200 200 0 0 0 0 0 0
0 0 72 56 4 64 1 200 200 200 0 0 0 0 0 200 200 200 0 0 0 0 0 200 200 200 0 0 0 0 0 200 200 200 0 0 0 0 0 200 200 200 0 0 0 0 0 200 200 200 0 0 0 0 0 200 200 200 0 0 0 0 0 200 200 200 0 0 0 0 0 0
0 0 72 64 4 64 64 200 200 200 0 0 0 0 0 200 200 200 0 0 0 0 0 200 200 200 200 0 0 0 0 0 0 0 0 0 0 0 0 16693 10 0 0 0 0 0 0 16693 10 0 0 0 0 0 0 10 16692 0 0 0 0 0 0 10 10 0 0 0 0 0 0 0 0 0 0 0 0 0 0 0 0 0 0 0 0 0 0 3900 4500 4800 5100 5500 5100 4700 5550 3100 3400 3400 3400 3550 3200 3200 3200 100 450 450 250 0 500 0 1250 0 0 350 350 250 0 0 750 0 0 200 300 400 0 0 0 0 0 0 0 400 300 400 0
0 0 72 72 4 64 64 10 33076 0 0 0 0 0 0 10 49162 302 0 0 0 0 0 0 0 49454 0 0 0 0 0 500 0 0 49454 0 0 0 0 0 0 0 0 0 0 0 0 500 0 0 0 0 0 0 0 500 500 0 0 0 0 0 0 500 500 500 500 500 500 500 500 100 0 0 0 450 450 600 400 250 0 0 100 700 900 850 750 450 250 0 50 700 900 900 800 850 850 850 850 0 150 600 650 400 300 0 0 0 0 0 500 0 550 350 0 0 0 0 0 0 1350 1300 750 50 0 0 0 550 450 900 1100 1100 750 550 600
0 0 72 80 4 64 64 500 500 500 500 500 500 500 500 0 500 500 500 500 500 500 500 500 500 500 500 0 0 0 500 500 500 500 0 0 0 0 0 500 500 500 0 0 0 0 0 500 500 0 0 0 0 0 0 500 0 0 0 0 0 0 0 0 0 0 0 0 0 0 0 50 -400 0 0 0 0 50 850 0 0 100 0 0 50 0 0 0 0 1600 3200 1650 0 0 0 600 500 1450 2400 4200 3200 1650 1650 1650 2050 3700 4250 4700 0 5100 5100 0 2600 0 0 0 0 0 0 3400 0 0 0 0 0 0 0 4850 4900 4200 0 0 0 0 0
0 0 72 88 4 1 1 0 0
0 0 72 96 4 1 1 0 0
0 0 72 104 4 1 1 0 0
0 0 72 112 4 1 1 0 0
0 0 72 120 4 1 1 0 0
0 0 80 0 4 1 1 0 0
0 0 80 8 4 1 1 0 0
0 0 80 16 4 1 1 0 0
0 0 80 24 4 64 1 0 0 0 0 0 0 0 0 0 0 0 0 0 0 0 0 0 0 0 0 0 0 0 0 0 0 0 0 0 0 0 0 0 0 0 0 0 0 0 0 299 0 0 0 0 0 0 0 299 0 0 0 0 0 0 0 299 0 0 0 0 0 0 0 0
0 0 80 32 4 64 1 299 0 0 0 0 0 0 0 299 0 0 0 0 0 0 0 299 0 0 0 0 0 0 0 299 0 0 0 0 0 0 0 299 0 0 0 0 0 0 0 299 0 0 0 0 0 0 0 299 0 0 0 0 0 0 0 299 0 0 0 0 0 0 0 0
0 0 80 40 4 64 1 299 0 0 0 0 0 0 0 299 0 0 0 0 0 0 0 0 0 0 0 0 0 0 0 0 0 0 0 0 0 0 0 0 0 0 0 0 0 0 0 0 0 0 0 0 0 0 0 0 0 0 0 0 0 0 0 0 0 0 0 0 0 0 0 0
0 0 80 48 4 1 1 0 0
0 0 80 56 4 1 1 0 0
0 0 80 64 4 1 64 0 0 0 0 0 0 0 0 0 0 0 0 0 0 0 0 0 4750 4400 5000 0 0 0 0 0 3200 3200 6700 0 0 0 0 0 1650 3200 5100 0 0 0 0 0 0 3200 4600 0 0 0 0 0 0 3200 4200 0 0 0 0 0 0 3200 4650 0 0 0 0 0
0 0 80 72 4 1 64 0 0 3200 5100 0 0 0 0 0 0 3200 5600 0 0 0 0 0 1350 3200 5100 0 0 0 0 0 0 3200 5100 0 0 0 0 0 1350 3200 4000 0 0 0 0 0 450 3200 5600 0 0 0 0 0 0 3200 3650 0 0 0 0 0 0 3200 4150 0 0 0 0 0
0 0 80 80 4 1 64 0 1800 4550 0 0 0 0 0 0 1600 4650 0 0 0 0 0 0 2200 5100 0 0 0 0 0 0 1650 5100 0 0 0 0 0 0 5100 5100 0 0 0 0 0 0 0 0 0 0 0 0 0 0 0 0 0 0 0 0 0 0 0 0 0 0 0 0 0 0
0 0 80 88 4 1 1 0 0
0 0 80 96 4 1 1 0 0
0 0 80 104 4 1 1 0 0
0 0 80 112 4 1 1 0 0
0 0 80 120 4 1 1 0 0
0 0 88 0 4 1 1 0 0
0 0 88 8 4 1 1 0 0
0 0 88 16 4 1 1 0 0
0 0 88 24 4 1 1 0 0
0 0 88 32 4 1 1 0 0
0 0 88 40 4 1 1 0 0
0 0 88 48 4 1 1 0 0
0 0 88 56 4 1 1 0 0
0 0 88 64 4 1 1 0 0
0 0 88 72 4 1 1 0 0
0 0 88 80 4 1 1 0 0
0 0 88 88 4 1 1 0 0
0 0 88 96 4 1 1 0 0
0 0 88 104 4 1 1 0 0
0 0 88 112 4 1 1 0 0
0 0 88 120 4 1 1 0 0
0 0 96 0 4 1 1 0 0
0 0 96 8 4 1 1 0 0
0 0 96 16 4 1 1 0 0
0 0 96 24 4 1 1 0 0
0 0 96 32 4 1 1 0 0
0 0 96 40 4 1 1 0 0
0 0 96 48 4 1 1 0 0
0 0 96 56 4 1 1 0 0
0 0 96 64 4 1 1 0 0
0 0 96 72 4 1 1 0 0
0 0 96 80 4 1 1 0 0
0 0 96 88 4 1 1 0 0
0 0 96 96 4 1 1 0 0
0 0 96 104 4 1 1 0 0
0 0 96 112 4 1 1 0 0
0 0 96 120 4 1 1 0 0
0 0 104 0 4 1 1 0 0
0 0 104 8 4 1 1 0 0
0 0 104 16 4 1 1 0 0
0 0 104 24 4 1 1 0 0
0 0 104 32 4 1 1 0 0
0 0 104 40 4 1 1 0 0
0 0 104 48 4 1 1 0 0
0 0 104 56 4 1 1 0 0
0 0 104 64 4 1 1 0 0
0 0 104 72 4 1 1 0 0
0 0 104 80 4 1 1 0 0
0 0 104 88 4 1 1 0 0
0 0 104 96 4 1 1 0 0
0 0 104 104 4 64 64 0 0 0 0 0 0 0 0 0 0 0 0 0 0 0 0 0 0 0 0 0 0 0 0 33070 0 0 0 0 0 0 0 0 0 0 0 0 0 0 0 0 0 0 0 0 0 0 0 0 0 0 0 0 0 0 0 0 0 0 0 0 0 0 0 0 0 0 0 0 0 0 0 0 0 0 0 0 0 0 0 0 0 0 0 0 0 0 0 19314 0 0 0 0 0 0 0 0 0 0 0 0 0 0 0 0 0 0 0 0 0 0 0 0 0 0 0 0 0 0 0 0 0 0 0 0 0 0 0
0 0 104 112 4 1 1 0 0
0 0 104 120 4 1 1 0 0
0 0 112 0 4 1 1 0 0
0 0 112 8 4 1 1 0 0
0 0 112 16 4 1 1 0 0
0 0 112 24 4 1 1 0 0
0 0 112 32 4 1 1 0 0
0 0 112 40 4 1 1 0 0
0 0 112 48 4 1 1 0 0
0 0 112 56 4 1 1 0 0
0 0 112 64 4 1 1 0 0
0 0 112 72 4 1 1 0 0
0 0 112 80 4 1 1 0 0
0 0 112 88 4 1 1 0 0
0 0 112 96 4 1 1 0 0
0 0 112 104 4 1 1 0 0
0 0 112 112 4 1 1 0 0
0 0 112 120 4 1 1 0 0
0 0 120 0 4 1 1 0 0
0 0 120 8 4 1 1 0 0
0 0 120 16 4 1 1 0 0
0 0 120 24 4 1 1 0 0
0 0 120 32 4 1 1 0 0
0 0 120 40 4 1 1 0 0
0 0 120 48 4 1 1 0 0
0 0 120 56 4 1 1 0 0
0 0 120 64 4 1 1 0 0
0 0 120 72 4 1 1 0 0
0 0 120 80 4 1 1 0 0
0 0 120 88 4 1 1 0 0
0 0 120 96 4 1 1 0 0
0 0 120 104 4 1 1 0 0
0 0 120 112 4 1 1 0 0
0 0 120 120 4 1 1 0 0
0 1 0 0 4 1 1 0 0
0 1 0 8 4 1 1 0 0
0 1 0 16 4 1 1 0 0
0 1 0 24 4 1 1 0 0
0 1 0 32 4 1 1 0 0
0 1 0 40 4 1 1 0 0
0 1 0 48 4 1 1 0 0
0 1 0 56 4 1 1 0 0
0 1 0 64 4 1 1 0 0
0 1 0 72 4 1 1 0 0
0 1 0 80 4 1 1 0 0
0 1 0 88 4 1 1 0 0
0 1 0 96 4 1 1 0 0
0 1 0 104 4 1 1 0 0
0 1 0 112 4 1 1 0 0
0 1 0 120 4 1 1 0 0
0 1 8 0 4 1 1 0 0
0 1 8 8 4 1 1 0 0
0 1 8 16 4 1 1 0 0
0 1 8 24 4 1 1 0 0
0 1 8 32 4 1 1 0 0
0 1 8 40 4 1 1 0 0
0 1 8 48 4 1 1 0 0
0 1 8 56 4 1 1 0 0
0 1 8 64 4 1 1 0 0
0 1 8 72 4 1 1 0 0
0 1 8 80 4 1 1 0 0
0 1 8 88 4 1 1 0 0
0 1 8 96 4 1 1 0 0
0 1 8 104 4 1 1 0 0
0 1 8 112 4 1 1 0 0
0 1 8 120 4 1 1 0 0
0 1 16 0 4 1 1 0 0
0 1 16 8 4 1 1 0 0
0 1 16 16 4 1 1 0 0
0 1 16 24 4 1 1 0 0
0 1 16 32 4 1 1 0 0
0 1 16 40 4 1 1 0 0
0 1 16 48 4 1 1 0 0
0 1 16 56 4 1 1 0 0
0 1 16 64 4 1 1 0 0
0 1 16 72 4 1 1 0 0
0 1 16 80 4 1 1 0 0
0 1 16 88 4 1 1 0 0
0 1 16 96 4 1 1 0 0
0 1 16 104 4 1 1 0 0
0 1 16 112 4 1 1 0 0
0 1 16 120 4 1 1 0 0
0 1 24 0 4 1 1 0 0
0 1 24 8 4 1 1 0 0
0 1 24 16 4 1 1 0 0
0 1 24 24 4 1 1 0 0
0 1 24 32 4 1 1 0 0
0 1 24 40 4 1 1 0 0
0 1 24 48 4 1 1 0 0
0 1 24 56 4 1 1 0 0
0 1 24 64 4 1 1 0 0
0 1 24 72 4 1 1 0 0
0 1 24 80 4 1 1 0 0
0 1 24 88 4 1 1 0 0
0 1 24 96 4 1 1 0 0
0 1 24 104 4 1 1 0 0
0 1 24 112 4 1 1 0 0
0 1 24 120 4 1 1 0 0
0 1 32 0 4 1 1 0 0
0 1 32 8 4 1 1 0 0
0 1 32 16 4 1 1 0 0
0 1 32 24 4 1 1 0 0
0 1 32 32 4 1 1 0 0
0 1 32 40 4 1 1 0 0
0 1 32 48 4 1 1 0 0
0 1 32 56 4 1 1 0 0
0 1 32 64 4 1 1 0 0
0 1 32 72 4 1 1 0 0
0 1 32 80 4 1 1 0 0
0 1 32 88 4 1 1 0 0
0 1 32 96 4 1 1 0 0
0 1 32 104 4 1 1 0 0
0 1 32 112 4 1 1 0 0
0 1 32 120 4 1 1 0 0
0 1 40 0 4 1 1 0 0
0 1 40 8 4 1 1 0 0
0 1 40 16 4 1 1 0 0
0 1 40 24 4 1 1 0 0
0 1 40 32 4 1 1 0 0
0 1 40 40 4 1 1 0 0
0 1 40 48 4 1 1 0 0
0 1 40 56 4 1 1 0 0
0 1 40 64 4 1 1 0 0
0 1 40 72 4 1 1 0 0
0 1 40 80 4 1 1 0 0
0 1 40 88 4 1 1 0 0
0 1 40 96 4 1 1 0 0
0 1 40 104 4 1 1 0 0
0 1 40 112 4 1 1 0 0
0 1 40 120 4 1 1 0 0
0 1 48 0 4 1 1 0 0
0 1 48 8 4 1 1 0 0
0 1 48 16 4 1 1 0 0
0 1 48 24 4 1 1 0 0
0 1 48 32 4 1 1 0 0
0 1 48 40 4 1 1 0 0
0 1 48 48 4 1 1 0 0
0 1 48 56 4 1 1 0 0
0 1 48 64 4 1 1 0 0
0 1 48 72 4 1 1 0 0
0 1 48 80 4 1 1 0 0
0 1 48 88 4 1 1 0 0
0 1 48 96 4 1 1 0 0
0 1 48 104 4 1 1 0 0
0 1 48 112 4 1 1 0 0
0 1 48 120 4 1 1 0 0
0 1 56 0 4 1 1 0 0
0 1 56 8 4 1 1 0 0
0 1 56 16 4 1 1 0 0
0 1 56 24 4 1 1 0 0
0 1 56 32 4 1 1 0 0
0 1 56 40 4 1 1 0 0
0 1 56 48 4 1 1 0 0
0 1 56 56 4 1 1 0 0
0 1 56 64 4 1 1 0 0
0 1 56 72 4 1 1 0 0
0 1 56 80 4 1 1 0 0
0 1 56 88 4 1 1 0 0
0 1 56 96 4 1 1 0 0
0 1 56 104 4 1 1 0 0
0 1 56 112 4 1 1 0 0
0 1 56 120 4 1 1 0 0
0 1 64 0 4 1 1 0 0
0 1 64 8 4 1 1 0 0
0 1 64 16 4 1 1 0 0
0 1 64 24 4 1 1 0 0
0 1 64 32 4 1 64 0 0 0 0 0 0 0 0 0 0 0 0 0 0 0 0 0 0 0 0 0 0 0 0 0 0 0 0 0 0 0 0 0 0 50 0 0 0 0 0 0 0 0 0 0 0 0 0 0 0 0 0 0 0 0 0 0 0 0 0 0 0 0 0 0
0 1 64 40 4 1 1 0 0
0 1 64 48 4 1 1 0 0
0 1 64 56 4 1 1 0 0
0 1 64 64 4 1 1 0 0
0 1 64 72 4 1 1 0 0
0 1 64 80 4 1 1 0 0
0 1 64 88 4 1 1 0 0
0 1 64 96 4 1 1 0 0
0 1 64 104 4 1 1 0 0
0 1 64 112 4 1 1 0 0
0 1 64 120 4 1 1 0 0
0 1 72 0 4 1 1 0 0
0 1 72 8 4 1 1 0 0
0 1 72 16 4 1 1 0 0
0 1 72 24 4 1 1 0 0
0 1 72 32 4 1 1 0 0
0 1 72 40 4 1 1 0 0
0 1 72 48 4 1 1 0 0
0 1 72 56 4 1 1 0 0
0 1 72 64 4 1 1 0 0
0 1 72 72 4 1 1 0 0
0 1 72 80 4 1 1 0 0
0 1 72 88 4 1 1 0 0
0 1 72 96 4 1 1 0 0
0 1 72 104 4 1 1 0 0
0 1 72 112 4 1 1 0 0
0 1 72 120 4 1 1 0 0
0 1 80 0 4 1 1 0 0
0 1 80 8 4 1 1 0 0
0 1 80 16 4 1 1 0 0
0 1 80 24 4 1 1 0 0
0 1 80 32 4 1 1 0 0
0 1 80 40 4 1 1 0 0
0 1 80 48 4 1 1 0 0
0 1 80 56 4 1 1 0 0
0 1 80 64 4 1 1 0 0
0 1 80 72 4 1 1 0 0
0 1 80 80 4 1 1 0 0
0 1 80 88 4 1 1 0 0
0 1 80 96 4 1 1 0 0
0 1 80 104 4 1 1 0 0
0 1 80 112 4 1 1 0 0
0 1 80 120 4 1 1 0 0
0 1 88 0 4 1 1 0 0
0 1 88 8 4 1 1 0 0
0 1 88 16 4 1 1 0 0
0 1 88 24 4 1 1 0 0
0 1 88 32 4 1 1 0 0
0 1 88 40 4 1 1 0 0
0 1 88 48 4 1 1 0 0
0 1 88 56 4 1 1 0 0
0 1 88 64 4 1 1 0 0
0 1 88 72 4 1 1 0 0
0 1 88 80 4 1 1 0 0
0 1 88 88 4 1 1 0 0
0 1 88 96 4 1 1 0 0
0 1 88 104 4 1 1 0 0
0 1 88 112 4 1 1 0 0
0 1 88 120 4 1 1 0 0
0 1 96 0 4 1 1 0 0
0 1 96 8 4 1 1 0 0
0 1 96 16 4 1 1 0 0
0 1 96 24 4 1 1 0 0
0 1 96 32 4 1 1 0 0
0 1 96 40 4 1 1 0 0
0 1 96 48 4 1 1 0 0
0 1 96 56 4 1 1 0 0
0 1 96 64 4 1 1 0 0
0 1 96 72 4 1 1 0 0
0 1 96 80 4 1 1 0 0
0 1 96 88 4 1 1 0 0
0 1 96 96 4 1 1 0 0
0 1 96 104 4 1 1 0 0
0 1 96 112 4 1 1 0 0
0 1 96 120 4 1 1 0 0
0 1 104 0 4 1 1 0 0
0 1 104 8 4 1 1 0 0
0 1 104 16 4 1 1 0 0
0 1 104 24 4 1 1 0 0
0 1 104 32 4 1 1 0 0
0 1 104 40 4 1 1 0 0
0 1 104 48 4 1 1 0 0
0 1 104 56 4 1 1 0 0
0 1 104 64 4 1 1 0 0
0 1 104 72 4 1 1 0 0
0 1 104 80 4 1 1 0 0
0 1 104 88 4 1 1 0 0
0 1 104 96 4 1 1 0 0
0 1 104 104 4 1 1 0 0
0 1 104 112 4 1 1 0 0
0 1 104 120 4 1 1 0 0
0 1 112 0 4 1 1 0 0
0 1 112 8 4 1 1 0 0
0 1 112 16 4 1 1 0 0
0 1 112 24 4 1 1 0 0
0 1 112 32 4 1 1 0 0
0 1 112 40 4 1 1 0 0
0 1 112 48 4 1 1 0 0
0 1 112 56 4 1 1 0 0
0 1 112 64 4 1 1 0 0
0 1 112 72 4 1 1 0 0
0 1 112 80 4 1 1 0 0
0 1 112 88 4 1 1 0 0
0 1 112 96 4 1 1 0 0
0 1 112 104 4 1 1 0 0
0 1 112 112 4 1 1 0 0
0 1 112 120 4 1 1 0 0
0 1 120 0 4 1 1 0 0
0 1 120 8 4 1 1 0 0
0 1 120 16 4 1 1 0 0
0 1 120 24 4 1 1 0 0
0 1 120 32 4 1 1 0 0
0 1 120 40 4 1 1 0 0
0 1 120 48 4 1 1 0 0
0 1 120 56 4 1 1 0 0
0 1 120 64 4 1 1 0 0
0 1 120 72 4 1 1 0 0
0 1 120 80 4 1 1 0 0
0 1 120 88 4 1 1 0 0
0 1 120 96 4 1 1 0 0
0 1 120 104 4 1 1 0 0
0 1 120 112 4 1 1 0 0
0 1 120 120 4 1 1 0 0