propdump version 4
1 1152644984 2800 900 3625 900 0 0 0 12 8 26 0 icn-soundsrcJungle 5activate noise jungle5.wav
1 1152644967 2600 1050 3625 900 0 0 0 12 9 27 0 icn-soundsrcJungle 10activate noise jungle10.wav
1 1152644967 2600 1300 3625 900 0 0 0 12 8 26 0 icn-soundsrcJungle 4activate noise jungle4.wav
1 1152644985 2800 650 3625 900 0 0 0 12 28 27 0 icn-soundsrcWork darnit!  >_<  Jungle 11activate noise jungle11.wav
1 1152917455 6500 -150 -2850 2250 0 0 0 4 1 47 0 cam55create rotate 2 0 0;activate camera target=user
1 1160673562 -17463 3250 16691 0 0 0 3 0 0 0 210 0ad723bc000000000ad723bc0ad7233c000000000ad7233c0000000000000000000000000000000000000000000000000000000000cdcccc3d000000000000000000000000000000000000000000000000000000000000000000000000000000000000000000000000000000000000000000000000000000000000804100008041000080410000c0410000c0410000c041e8030000dc0500000100d007000000000000f4010000f4010000ff881c00fdff9d00295c4f3f010d0000070000000000000000000000000000635f736f66743100
1 1160673562 -17463 3700 16691 0 0 0 3 0 0 0 210 000080bf000080bf000080bf0000803f000000000000803f00000000000000c04000000000000000000000c040cdcc4c3e0000000000000000000000000000000000000000000000000000000000000000000000000000000000000000000000000000000000000000000000000000000000000000000000000000803f000080410000803f000000410000804200000041e8030000881300000100e8030000000000000a000000f4010000f3ff6400f3ff64000000803f000f0001070000000000000000000000000000635f736f66743100
1 1160673653 -17213 600 16591 900 0 0 0 18 0 23 0 mz-m01-b-homefire1activate noise volcano8
1 1160673562 -17463 3950 16691 0 0 0 3 0 0 0 210 000080bf000080bf000080bf0000803f0000803f0000803f000000803f00004040000000000000803f00004040000000000000000000000000000000000000003f000000000000000000000000000000000000000000000000000000000000000000000000000000000000000000000000000000000000000000000041000000410000004100000042000000420000004201000000dc0500000100983a000000000000c4090000d007000000000000000000000000003f00090000070000000000000000000000000000635f736f66743100
1 1160673562 -17463 3550 16691 0 0 0 3 0 0 0 210 000080bf000080bf000080bf0000803f0000803f0000803f00000080c000008040000080c0000080400000004100008040000000000000000000000000000000000000000000000000000000000000000000000000000000000000000000000000000000000000000000000000000000000000000000000000cdcc4c3ecdcc4c3ecdcc4c3e0000803f0000803f0000803ff4010000401f00001000d0070000000000000a000000f4010000fffc6c00ff9122000000803f000e0001070000000000000000000000000000635f736f66743100
1 1205594127 -17463 2400 16691 0 0 0 3 0 0 0 210 0ad723bc000000000ad723bc0ad7233c000000000ad7233c0000000000000000000000000000000000000000000000000000000000cdcccc3d000000000000000000000000000000000000000000000000000000000000000000000000000000000000000000000000000000000000000000000000000000000000804100008041000080410000c0410000c0410000c041e8030000dc0500000100d007000000000000f4010000f4010000ff881c00fdff9d00295c4f3f010d0000070000000000000000000000000000635f736f66743100
1 1160673562 -17463 3400 16691 0 0 0 3 0 0 0 210 000080bf000000c0000080bf0000803f000000400000803f00000000bf00008040000000bf0000003f000080400000003f000000000000a04000000000000000000000a0400000000000000000000000000000000000000000000000000000000000000000000000000000000000000000000000000000000000000040000000410000004000008040000080410000804064000000e80300000300b80b000000000000f4010000f4010000ff6d1500ff3e1c000000803f000f0000070000000000000000000000000000635f736f66743100
1 1205594134 -17463 2550 16691 0 0 0 3 0 0 0 210 000080bf000000c0000080bf0000803f000000400000803f00000000bf00008040000000bf0000003f000080400000003f000000000000a04000000000000000000000a0400000000000000000000000000000000000000000000000000000000000000000000000000000000000000000000000000000000000000040000000410000004000008040000080410000804064000000e80300000300b80b000000000000f4010000f4010000ff6d1500ff3e1c000000803f000f0000070000000000000000000000000000635f736f66743100
1 1151956057 -13247 0 11539 1200 0 0 0 15 0 19 0 mz-p01-p-tree01xcreate visible off
1 1151956004 -10613 50 15491 900 0 0 0 18 0 23 0 mz-m01-b-homefire1activate noise volcano8
1 1153167532 -10098 900 18754 247 1399 593 0 16 0 38 0 mz-p01-p-dtree02create texture mz-m01-lava1, solid off
1 1153167418 -10200 850 19700 0 0 0 3 0 0 0 210 000080bf000080bf000080bf0000803f0000803f0000803f000000803f00004040000000000000803f00004040000000000000000000000000000000000000003f000000000000000000000000000000000000000000000000000000000000000000000000000000000000000000000000000000000000000000000041000000410000004100000042000000420000004201000000dc05000001001027000000000000c4090000d0070000ffa83300aaaaaa000000003f00090000070000000000000000000000000000635f736f6674315f
1 1151955936 -10310 0 19689 1350 0 0 0 18 0 23 0 mz-m01-b-homefire1activate noise volcano8
1 1151699830 -8294 400 16076 2381 -1369 893 0 16 0 27 0 mz-p01-p-dtree02create texture mz-m01-lava1
1 1160673144 -8820 50 17632 0 0 0 3 0 0 0 212 00000000000000000000000000000000000000000000000000000000000000003f000000000000803f0000803f0000803f00000000000000000000000000000000cdcc4c3e000000000000000000000000000000000000000000000000000000000000000000000000000000000000000000000000000000009a99993f0000c03f0000803fcdcc4c403333334000004040640000009600000004001027000000000000c8000000401f00001717170025252500cdcccc3e00000000090000000000000000000000000000636f726f6e6131386168
1 1160671122 -8020 800 18082 0 0 0 3 0 0 0 208 000080c0000000c0000080c000008040000000400000804000000080bf000080bf000080bf0000803f0000803f0000803f000000000000000000000000000000000000000000000000000000000000000000000000000000000000000000000000000000000000000000000000000000000000000000000000cdcccc3dcdcccc3d0000803fcdcccc3dcdcccc3d0000803f64000000640000000100d007000000000000f4010000f4010000ffff0000ffff00000000803f01000001050000000000000000000000000000635f73756e74
1 1160673223 -8670 50 20682 0 0 0 3 0 0 0 212 00000000000000000000000000000000000000000000000000000000000000003f000000000000803f000000400000803f00000000000000000000000000000000cdcc4c3e000000000000000000000000000000000000000000000000000000000000000000000000000000000000000000000000000000000000803f0000c03f0000803f000040400000404000004040640000009600000004001027000000000000c8000000401f00001717170025252500cdcccc3e00000000090000000000000000000000000000636f726f6e6131386168
1 1151699870 -7800 700 15500 0 0 0 3 0 0 0 210 000080bf000080bf000080bf0000803f0000803f0000803f000000803f00004040000000000000803f00004040000000000000000000000000000000000000003f000000000000000000000000000000000000000000000000000000000000000000000000000000000000000000000000000000000000000000000041000000410000004100000042000000420000004201000000dc0500000100983a000000000000c4090000d00700007a7a7a00d8d8d8000000003f00090000070000000000000000000000000000635f736f6674315f
1 1160673045 -7870 50 18832 0 0 0 3 0 0 0 212 000000000000000000000000000000000000000000000000000000003f0000003f0000803f00000040000000400000004000000000000000000000000000000000cdcc4c3e000000000000000000000000000000000000000000000000000000000000000000000000000000000000000000000000000000000000803f0000c03f0000803f0000404000004040000040405a0000007d0000000400401f000000000000b4000000581b00001717170025252500cdcccc3e00000000090000000000000000000000000000636f726f6e6131386168
1 1151609559 -7750 30 22650 0 0 0 3 0 0 0 233 000000000000000000000000000000000000000000000000000000000000000000000000000000000000000000000000000000000000000000000000000000000000000000000000000000b44200000000000000000000b44200000000000034430000000000000000000000000000000000000000000000000000003f0000003f000000000000a0400000a0400000000064000000d00700000100401f000000000000c8000000e8030000fff42200ff8d1c000000803f000100021e00000000000000000000000000006d7a2d6d30312d6c61766131623a6d5f73706f6e67655f726e645f32353636
1 1205594088 -6670 50 17282 0 0 0 3 0 0 0 212 000000000000000000000000000000000000000000000000000000003f0000003f0000803f00000040000000400000004000000000000000000000000000000000cdcc4c3e000000000000000000000000000000000000000000000000000000000000000000000000000000000000000000000000000000000000803f0000c03f0000803f000040400000404000004040640000009600000004001027000000000000c8000000401f00001717170025252500cdcccc3e00000000090000000000000000000000000000636f726f6e6131386168
1 1162267119 -6500 450 17849 0 0 0 2 0 0 0 61 0000c842000070420000c8420001010000803f000000404000805753000100c80000000a0000000000000000000000000000656c617661312e7761766e
1 1160671109 -6270 800 19282 0 0 0 3 0 0 0 208 000080c0000000c0000080c000008040000000400000804000000080bf000080bf000080bf0000803f0000803f0000803f000000000000000000000000000000000000000000000000000000000000000000000000000000000000000000000000000000000000000000000000000000000000000000000000cdcccc3dcdcccc3d0000803fcdcccc3dcdcccc3d0000803f64000000640000000100d007000000000000f4010000f4010000ffff0000ffff00000000803f01000001050000000000000000000000000000635f73756e74
1 1185395831 -6147 700 21278 0 0 0 3 0 0 0 210 000080bf000080bf000080bf0000803f0000803f0000803f000000803f00004040000000000000803f00004040000000000000000000000000000000000000003f000000000000000000000000000000000000000000000000000000000000000000000000000000000000000000000000000000000000000000000041000000410000004100000042000000420000004201000000dc05000001001027000000000000c4090000d0070000ffa83300aaaaaa000000003f00090000070000000000000000000000000000635f736f66743167
1 1151960433 -6700 50 21800 0 0 0 0 14 0 89 0 mz-m01-b-door2activate rotate 0 -10 0 time=2 wait=5 global smooth, noise eireedor.wav; create solid off
1 1151960422 -6500 25 21950 0 0 0 3 0 0 0 233 000000000000000000000000000000000000000000000000000000000000000000000000000000000000000000000000000000000000000000000000000000000000000000000000000000b44200000000000000000000b44200000000000034430000000000000000000000000000000000000000000000000000c8410000c841000000000000f0410000f04100000000d0070000d00700000100a00f000000000000e8030000e8030000fff42200ff8d1c009a99193f000100021e00000000000000000000000000006d7a2d6d30312d6c61766131623a6d5f73706f6e67655f726e645f32353636
1 1205594104 -6500 950 22450 0 0 0 3 0 0 0 211 00000000000000000000000000000000000000000000000000000080c000000041000080bf00008040000080410000803f000000000000a0c00000000000000000000020c100000000000000000000000000000000000000000000000000000000000000000000000000000000000000000000000000000000cdcccc3dcdcccc3d0000803fcdcc4c3fcdcc4c3f0000803f32000000780000000800d007000000000000f4010000e8030000f9ff0d00fd8331000000803f00020000080000000000000000000000000000705f62757273743400
1 1152637691 -6500 550 22450 0 0 0 3 0 0 0 214 0ad723bc000000000ad723bc0ad7233c000000000ad7233c0000000000000000000000000000000000000000000000000000000000cdcccc3d000000000000000000000000000000000000000000000000000000000000000000000000000000000000000000000000000000000000000000000000000000000000404100004041000040410000c0410000c0410000c041e8030000dc0500000100d007000000000000f4010000f4010000ff881c00fdff9d00295c4f3f000d0000070004000000000000000000000000635f736f667431676c6f7700
1 1152637701 -6500 250 22450 0 0 0 3 0 0 0 210 cdcc4cbe00000000cdcc4cbecdcc4c3e00000040cdcc4c3e00000000000000000000000000000000000000000000000000000000000000c040000000000000000000000000000000000000000000000000000000000000000000000000000000000000000000000000000000000000000000000000000000000000803f000000410000803f000080400000c0410000804064000000e80300000400c409000000000000f4010000f4010000fff31100ff650900cdcccc3e01010001070000000000000000000000000000635f736f66743147
1 1152637685 -6500 800 22450 0 0 0 3 0 0 0 210 000000bf00000000000000bf0000003f000080400000003f00000000c000008040000000c0000000400000804100000040000000000000000000000000000000000000000000000000000000000000000000000000000000000000000000000000000000000000000000000000000000000000000000000000cdcc4c3ecdcc4c3ecdcc4c3e0000c03f0000c03f0000c03fc8000000b80b00000800d0070000000000000a000000f4010000fffc6c00ff9122000000803f000e0001070000000000000000000000000000635f736f6674315f
1 1151960422 -6850 30 22250 0 0 0 3 0 0 0 233 000000000000000000000000000000000000000000000000000000000000000000000000000000000000000000000000000000000000000000000000000000000000000000000000000000b44200000000000000000000b44200000000000034430000000000000000000000000000000000000000000000000000003f0000003f00000000000040400000404000000000f4010000d00700000100401f000000000000f4010000e8030000fff42200ff8d1c000000803f000100021e00000000000000000000000000006d7a2d6d30312d6c61766131623a6d5f73706f6e67655f726e645f32353636
1 1154554352 -6500 30 22450 0 0 0 3 0 0 0 233 000000000000000000000000000000000000000000000000000000000000000000000000000000000000000000000000000000000000000000000000000000000000000000000000000000b44200000000000000000000b44200000000000034430000000000000000000000000000000000000000000000000000003f0000003f000000000000c0400000c04000000000c8000000d00700000100401f000000000000c8000000e8030000fff42200ff8d1c000000803f000100021e00000000000000000000000000006d7a2d6d30312d6c61766131623a6d5f73706f6e67655f726e645f32353636
1 1205594110 -6500 1300 22300 0 0 0 3 0 0 0 210 000080bf000080bf000080bf0000803f0000803f0000803f000000803f00004040000000000000803f00004040000000000000000000000000000000000000003f000000000000000000000000000000000000000000000000000000000000000000000000000000000000000000000000000000000000000000000041000000410000004100000042000000420000004201000000dc0500000100983a000000000000c4090000d007000000000000000000000000003f00090000070000000000000000000000000000635f736f6674315f
1 1152643729 -6550 0 22399 1800 0 0 0 18 0 0 0 mz-m01-b-homefire1
1 1151960422 -6250 30 22100 0 0 0 3 0 0 0 233 000000000000000000000000000000000000000000000000000000000000000000000000000000000000000000000000000000000000000000000000000000000000000000000000000000b44200000000000000000000b44200000000000034430000000000000000000000000000000000000000000000000000003f0000003f00000000000000400000004000000000f4010000d00700000100401f000000000000c8000000e8030000fff42200ff8d1c000000803f000100021e00000000000000000000000000006d7a2d6d30312d6c61766131623a6d5f73706f6e67655f726e645f32353636
1 1151960422 -6700 -200 22400 0 0 0 0 14 0 81 0 mz-m01-b-door2create light color=orange fx=fire radius=10 brightness=10, visible off, solid off
1 1151702070 -5263 150 14252 733 239 575 0 16 0 37 0 mz-p01-p-dtree02create texture mz-m01-lava1,solid off
1 1161910859 -5962 650 16805 0 0 0 2 0 0 0 51 0000484300004843000048430000000000803f0000803f4000ffffff000100c409000000000000000000000000000000000000
1 1151700685 -5932 50 17307 3581 1772 170 0 16 0 38 0 mz-p01-p-dtree02create texture mz-m01-lava1, solid off
1 1153167859 -5597 700 22228 0 0 0 3 0 0 0 214 0ad723bc000000000ad723bc0ad7233c000000000ad7233c0000000000000000000000000000000000000000000000000000000000cdcccc3d000000000000000000000000000000000000000000000000000000000000000000000000000000000000000000000000000000000000000000000000000000000000404100004041000040410000c0410000c0410000c041e8030000dc0500000100d007000000000000f4010000f4010000ff881c00fdff9d00295c4f3f000d0000070004000000000000000000000000635f736f667431676c6f7731
1 1160675470 -4120 4600 11982 0 0 0 3 0 0 0 212 00000000000000000000000000000000000000000000000000000000000000000000000000000000000000000000000000000000c10000000000000000000000c10000000000000000000000000000b44200000000000000000000b4420000b4430000204100000000000000000000000000000000000000000000803f0000803f0000803f00000040000000400000004001000000320000000100d00700000000000064000000f4010000f9ffae00f9ffae000000803f00010003090000000000000000000000000000705f7265656e74727968
1 1160676012 -4620 4620 11932 0 0 0 3 0 0 0 212 000000000000000000000000000000000000000000000000000000000000000000000000000000000000000000000000000000c0c000000000000000000000c0c00000000000000000000000000000b44200000000000000000000b4420000b4430000204100000000000000000000000000000000000000000000803f0000803f0000803f0000c0400000c0400000c04001000000320000000100b80b00000000000064000000f4010000000000000000000052b81e3f00010000090000000000000000000000000000636f726f6e6131386161
1 1160671085 -4470 800 16982 0 0 0 3 0 0 0 208 000080c0000000c0000080c000008040000000400000804000000080bf000080bf000080bf0000803f0000803f0000803f000000000000000000000000000000000000000000000000000000000000000000000000000000000000000000000000000000000000000000000000000000000000000000000000cdcccc3dcdcccc3d0000803fcdcccc3dcdcccc3d0000803f64000000640000000100d007000000000000f4010000f4010000ffff0000ffff00000000803f01000001050000000000000000000000000000635f73756e74
1 1151697986 -3214 100 12137 650 -987 11 0 16 0 0 0 mz-m01-b-statue1
1 1160671076 -3420 800 17782 0 0 0 3 0 0 0 208 000080c0000000c0000080c000008040000000400000804000000080bf000080bf000080bf0000803f0000803f0000803f000000000000000000000000000000000000000000000000000000000000000000000000000000000000000000000000000000000000000000000000000000000000000000000000cdcccc3dcdcccc3d0000803fcdcccc3dcdcccc3d0000803f64000000640000000100d007000000000000f4010000f4010000ffff0000ffff00000000803f01000001050000000000000000000000000000635f73756e74
1 1160674581 -3020 0 18032 0 0 0 3 0 0 0 215 0000c84100004842000000000000fa4200007042000016430000002042000000000000fac2000020420000000000002fc3000000000000000000000000000000000000000000000000000000000000b44200000000000000000000b442000000000000000000000000000000000000000000000000000000000000c8410000c8410000803f0000c841000020420000803fe80300008813000001008813000000000000000000008813000000000000ca0d11000000803f000300010c0000000000000000000000000000635f73706f746c696768743236
1 1160671080 -2670 800 16732 0 0 0 3 0 0 0 208 000080c0000000c0000080c000008040000000400000804000000080bf000080bf000080bf0000803f0000803f0000803f000000000000000000000000000000000000000000000000000000000000000000000000000000000000000000000000000000000000000000000000000000000000000000000000cdcccc3dcdcccc3d0000803fcdcccc3dcdcccc3d0000803f64000000640000000100d007000000000000f4010000f4010000ffff0000ffff00000000803f01000001050000000000000000000000000000635f73756e74
1 1160672959 -2170 50 17232 0 0 0 3 0 0 0 212 000000000000000000000000000000000000000000000000000000003f0000003f0000803f00000040000000400000004000000000000000000000000000000000cdcc4c3e000000000000000000000000000000000000000000000000000000000000000000000000000000000000000000000000000000000000803f0000c03f0000803f000040400000404000004040640000009600000004001027000000000000c8000000401f00001717170025252500cdcccc3e00000000090000000000000000000000000000636f726f6e6131386168
1 1160674620 -2770 750 17732 0 0 0 3 0 0 0 215 0000c84100007042000000000000fa4200008c42000016430000000000000000000000fac2000000000000000000002fc3000000000000000000000000000000000000000000000000000000000000b44200000000000000000000b442000000000000000000000000000000000000000000000000000000000000c8410000c8410000803f0000c841000020420000803fe8030000581b0000010088130000000000000000000088130000f97c0000000000000000803f020300010c0000000000000000000000000000635f73706f746c696768743236
1 1163350914 -2965 0 20337 2250 0 0 0 18 0 21 0 mz-m01-b-homefire1create noise volcano8
1 1161775383 -750 5650 25400 900 0 0 0 5 0 110 0 rockacreate corona flare5 size=35, light radius=5 color=gold fx=fire, move -150 -20 -150 time=40 loop, rotate 2 2 4