propdump version 4
1 1254935695 600 0 600 0 0 0 0 7 0 17 0 leva1sbcreate name MazeW
1 1254935696 200 0 1800 900 0 0 0 7 0 17 0 leva1sbcreate name MazeW
1 1254935696 600 0 1400 0 0 0 0 7 0 17 0 leva1sbcreate name MazeW
1 1254935697 600 0 2200 0 0 0 0 7 0 17 0 leva1sbcreate name MazeW
1 1254935686 600 0 3800 0 0 0 0 7 0 17 0 leva1sbcreate name MazeW
1 1254935698 600 0 3000 0 0 0 0 7 0 17 0 leva1sbcreate name MazeW
1 1162586402 500 0 4000 0 0 0 0 5 0 0 0 leva1
1 1162586402 0 0 4000 0 0 0 0 5 0 0 0 leva1
1 1162587202 500 0 -8150 0 0 0 0 4 0 0 0 dot1
1 1162587473 0 0 -6150 0 0 0 0 4 0 0 0 dot1
1 1120673366 500 0 -6000 0 0 0 0 5 0 0 0 leva1
1 1254935686 600 0 -5800 0 0 0 0 7 0 17 0 leva1sbcreate name MazeW
1 1254935686 600 0 -5000 0 0 0 0 7 0 17 0 leva1sbcreate name MazeW
1 1254935689 600 0 -4200 0 0 0 0 7 0 17 0 leva1sbcreate name MazeW
1 1254935689 200 0 -3800 900 0 0 0 7 0 17 0 leva1sbcreate name MazeW
1 1254935691 600 0 -2600 0 0 0 0 7 0 17 0 leva1sbcreate name MazeW
1 1254935690 200 0 -3000 900 0 0 0 7 0 17 0 leva1sbcreate name MazeW
1 1254935692 600 0 -1800 0 0 0 0 7 0 17 0 leva1sbcreate name MazeW
1 1254935692 200 0 -1400 900 0 0 0 7 0 17 0 leva1sbcreate name MazeW
1 1254935693 200 0 -600 900 0 0 0 7 0 17 0 leva1sbcreate name MazeW
1 1254935695 1400 0 600 0 0 0 0 7 0 17 0 leva1sbcreate name MazeW
1 1254935694 1000 0 200 900 0 0 0 7 0 17 0 leva1sbcreate name MazeW
1 1254935696 1400 0 1400 0 0 0 0 7 0 17 0 leva1sbcreate name MazeW
1 1254935696 1800 0 1800 900 0 0 0 7 0 17 0 leva1sbcreate name MazeW
1 1254935697 1800 0 2600 900 0 0 0 7 0 17 0 leva1sbcreate name MazeW
1 1254935698 1400 0 3000 0 0 0 0 7 0 17 0 leva1sbcreate name MazeW
1 1254935686 1400 0 3800 0 0 0 0 7 0 17 0 leva1sbcreate name MazeW
1 1162586402 1500 0 4000 0 0 0 0 5 0 0 0 leva1
1 1162586402 1000 0 4000 0 0 0 0 5 0 0 0 leva1
1 1162586544 1500 0 -6500 0 0 0 0 5 0 0 0 leva1
1 1162586544 1000 0 -6500 0 0 0 0 5 0 0 0 leva1
1 1120673366 1000 0 -6000 0 0 0 0 5 0 0 0 leva1
1 1254935686 1400 0 -5800 0 0 0 0 7 0 17 0 leva1sbcreate name MazeW
1 1254935686 1400 0 -5000 0 0 0 0 7 0 17 0 leva1sbcreate name MazeW
1 1254935689 1800 0 -3800 900 0 0 0 7 0 17 0 leva1sbcreate name MazeW
1 1254935690 1400 0 -3400 0 0 0 0 7 0 17 0 leva1sbcreate name MazeW
1 1254935691 1400 0 -2600 0 0 0 0 7 0 17 0 leva1sbcreate name MazeW
1 1254935691 1800 0 -2200 900 0 0 0 7 0 17 0 leva1sbcreate name MazeW
1 1254935692 1800 0 -1400 900 0 0 0 7 0 17 0 leva1sbcreate name MazeW
1 1254935692 1400 0 -1800 0 0 0 0 7 0 17 0 leva1sbcreate name MazeW
1 1254935693 1000 0 -600 900 0 0 0 7 0 17 0 leva1sbcreate name MazeW
1 1254935695 2200 0 600 0 0 0 0 7 0 17 0 leva1sbcreate name MazeW
1 1254935695 2600 0 1000 900 0 0 0 7 0 17 0 leva1sbcreate name MazeW
1 1254935696 2200 0 1400 0 0 0 0 7 0 17 0 leva1sbcreate name MazeW
1 1254935687 2200 0 3800 0 0 0 0 7 0 17 0 leva1sbcreate name MazeW
1 1254935698 2200 0 3000 0 0 0 0 7 0 17 0 leva1sbcreate name MazeW
1 1162586402 2000 0 4000 0 0 0 0 5 0 0 0 leva1
1 1162586402 2500 0 4000 0 0 0 0 5 0 0 0 leva1
1 1162839709 2450 -100 5850 0 0 0 3 0 0 0 219 000000000000000000000000000000000000000000000000000000000000000040000000000000000000000040000000000000000000000000000000000000000000000000000000000000b44200000000000000000000b442000000000000000000008c42000000000000000000008c420000000000000000000070430000803f00000000000070430000803f00000000820000008200000001005046000000000000e8030000881300006259ff00c7c4ff00295c0f3e02010002100000000000000000000000000000635f6d6f6f6e313a635f6d6f6f6e316d00
1 1165594288 2450 -450 5820 0 0 0 3 0 0 0 219 0000000000000000000000000000000000000000000000000000000000000000c00000000000000000000000c0000000000000000000000000000000000000000000000000000000000000b44200000000000000000000b442000000000000000000008c42000000000000000000008c420000000000000000000070430000803f00000000000070430000803f00000000820000008200000001005046000000000000e803000088130000544aff00c8c4ff00295c0f3e02010002100000000000000000000000000000635f6d6f6f6e313a635f6d6f6f6e316d00
1 1165594342 2450 -400 -8350 0 0 0 3 0 0 0 219 0000000000000000000000000000000000000000000000000000000000000000c00000000000000000000000c0000000000000000000000000000000000000000000000000000000000000b44200000000000000000000b442000000000000000000008c42000000000000000000008c420000000000000000000070430000803f00000000000070430000803f00000000820000008200000001005046000000000000e803000088130000544aff00c8c4ff00295c0f3e02010002100000000000000000000000000000635f6d6f6f6e313a635f6d6f6f6e316d00
1 1162839664 2450 -100 -8350 0 0 0 3 0 0 0 219 000000000000000000000000000000000000000000000000000000000000000040000000000000000000000040000000000000000000000000000000000000000000000000000000000000b44200000000000000000000b442000000000000000000008c42000000000000000000008c420000000000000000000070430000803f00000000000070430000803f00000000820000008200000001005046000000000000e803000088130000544aff00c8c4ff00295c0f3e02010002100000000000000000000000000000635f6d6f6f6e313a635f6d6f6f6e316d00
1 1162586544 2500 0 -6500 0 0 0 0 5 0 0 0 leva1
1 1162586544 2000 0 -6500 0 0 0 0 5 0 0 0 leva1
1 1254935686 2200 0 -5800 0 0 0 0 7 0 17 0 leva1sbcreate name MazeW
1 1120673366 2500 0 -6000 0 0 0 0 5 0 0 0 leva1
1 1254935689 2200 0 -4200 0 0 0 0 7 0 17 0 leva1sbcreate name MazeW
1 1254935686 2200 0 -5000 0 0 0 0 7 0 17 0 leva1sbcreate name MazeW
1 1254935690 2200 0 -3400 0 0 0 0 7 0 17 0 leva1sbcreate name MazeW
1 1254935690 2600 0 -3000 900 0 0 0 7 0 17 0 leva1sbcreate name MazeW
1 1254935692 2600 0 -1400 900 0 0 0 7 0 17 0 leva1sbcreate name MazeW
1 1254935693 2600 0 -600 900 0 0 0 7 0 17 0 leva1sbcreate name MazeW
1 1254935694 2200 0 -200 0 0 0 0 7 0 17 0 leva1sbcreate name MazeW
1 1162842769 2250 1450 -600 0 0 0 3 0 0 0 211 00000000000000000000000000000000000000000000000000000000000000000000000000000000000000000000000000000000000000000000000000000000000000000000000000000000000000000000000000000000000000000000000000000002c3000002c3000048c200000243000002430000204200002041000020410000003f0000c8410ad7233c0ad7233cc80000002c0100000100d007000000000000f4010000f4010000ffffff000000ff000000803f01010002080000000000000000000000000000635f666c6172653200
1 1254935694 3400 0 200 900 0 0 0 7 0 17 0 leva1sbcreate name MazeW
1 1162587366 3500 0 300 1800 0 0 0 5 0 0 0 leva1
1 1162587366 3500 0 800 0 0 0 0 5 0 0 0 leva1
1 1254935696 3400 0 1800 900 0 0 0 7 0 17 0 leva1sbcreate name MazeW
1 1254935695 3400 0 1000 900 0 0 0 7 0 17 0 leva1sbcreate name MazeW
1 1162587366 3500 0 1800 0 0 0 0 5 0 0 0 leva1
1 1162587366 3500 0 1300 0 0 0 0 5 0 0 0 leva1
1 1254935697 3400 0 2600 900 0 0 0 7 0 17 0 leva1sbcreate name MazeW
1 1162587366 3500 0 2300 0 0 0 0 5 0 0 0 leva1
1 1162587347 3500 0 2800 0 0 0 0 5 0 0 0 leva1
1 1254935697 3000 0 2200 0 0 0 0 7 0 17 0 leva1sbcreate name MazeW
1 1254935698 3800 0 3400 0 0 0 0 7 0 17 0 faces15create name MazeW
1 1254935687 3800 0 3000 0 0 0 0 7 0 17 0 leva1sbcreate name MazeW
1 1254935687 3800 0 3800 0 0 0 0 7 0 17 0 leva1sbcreate name MazeW
1 1254935687 3000 0 3800 0 0 0 0 7 0 17 0 leva1sbcreate name MazeW
1 1162586402 3000 0 4000 0 0 0 0 5 0 0 0 leva1
1 1162586402 3500 0 4000 0 0 0 0 5 0 0 0 leva1
1 1120673366 3500 0 -6000 0 0 0 0 5 0 0 0 leva1
1 1120673366 3500 0 -5500 0 0 0 0 5 0 0 0 leva1
1 1120673366 3000 0 -6000 0 0 0 0 5 0 0 0 leva1
1 1254935687 3000 0 -5800 0 0 0 0 7 0 17 0 leva1sbcreate name MazeW
1 1254935688 3400 0 -5400 900 0 0 0 7 0 17 0 leva1sbcreate name MazeW
1 1120673366 3500 0 -5000 0 0 0 0 5 0 0 0 leva1
1 1162583055 3500 0 -4500 0 0 0 0 5 0 0 0 leva1
1 1254935688 3400 0 -4600 900 0 0 0 7 0 17 0 leva1sbcreate name MazeW
1 1254935687 3000 0 -5000 0 0 0 0 7 0 17 0 leva1sbcreate name MazeW
1 1254935690 3000 0 -3400 0 0 0 0 7 0 17 0 leva1sbcreate name MazeW
1 1120673366 3500 0 -3500 0 0 0 0 5 0 0 0 leva1
1 1120673366 3500 0 -4000 0 0 0 0 5 0 0 0 leva1
1 1254935689 3400 0 -3800 900 0 0 0 7 0 17 0 leva1sbcreate name MazeW
1 1254935691 3000 0 -2600 0 0 0 0 7 0 17 0 leva1sbcreate name MazeW
1 1120673366 3500 0 -2500 0 0 0 0 5 0 0 0 leva1
1 1254935690 3400 0 -3000 900 0 0 0 7 0 17 0 leva1sbcreate name MazeW
1 1254935691 3400 0 -2200 900 0 0 0 7 0 17 0 leva1sbcreate name MazeW
1 1120673366 3500 0 -3000 0 0 0 0 5 0 0 0 leva1
1 1254935692 3400 0 -1400 900 0 0 0 7 0 17 0 leva1sbcreate name MazeW
1 1162841075 3903 0 -1113 3552 0 0 0 4 0 0 0 dot1
1 1254935693 3400 0 -600 900 0 0 0 7 0 17 0 leva1sbcreate name MazeW
1 1254935694 3000 0 -200 0 0 0 0 7 0 17 0 leva1sbcreate name MazeW
1 1162587382 4500 0 300 1800 0 0 0 5 0 0 0 leva1
1 1162587382 4000 0 300 1800 0 0 0 5 0 0 0 leva1
1 1162587294 4000 0 2800 0 0 0 0 5 0 0 0 leva1
1 1162587294 4500 0 2800 0 0 0 0 5 0 0 0 leva1
1 1162594287 4600 0 3800 0 0 0 0 7 0 17 0 leva1sbcreate name MazeW
1 1167078830 4600 0 3800 0 0 0 0 7 0 17 0 leva1sbcreate name MazeW
1 1164339526 4600 0 3800 0 0 0 0 7 0 17 0 leva1sbcreate name MazeW
1 1167275389 4600 0 3000 0 0 0 0 7 0 17 0 leva1sbcreate name MazeW
1 1224928762 4600 0 3800 0 0 0 0 7 0 17 0 leva1sbcreate name MazeW
1 1167337533 4600 0 3800 0 0 0 0 7 0 17 0 leva1sbcreate name MazeW
1 1164349974 4600 0 3800 0 0 0 0 7 0 17 0 leva1sbcreate name MazeW
1 1228046536 4600 0 3800 0 0 0 0 7 0 17 0 leva1sbcreate name MazeW
1 1163133503 4600 0 3800 0 0 0 0 7 0 17 0 leva1sbcreate name MazeW
1 1167275389 4600 0 3800 0 0 0 0 7 0 17 0 leva1sbcreate name MazeW
1 1163025805 4600 0 3800 0 0 0 0 7 0 17 0 leva1sbcreate name MazeW
1 1167260984 4600 0 3000 0 0 0 0 7 0 17 0 leva1sbcreate name MazeW
1 1189733089 4600 0 3000 0 0 0 0 7 0 17 0 leva1sbcreate name MazeW
1 1162845999 4600 0 3800 0 0 0 0 7 0 17 0 leva1sbcreate name MazeW
1 1162595153 4600 0 3000 0 0 0 0 7 0 17 0 leva1sbcreate name MazeW
1 1163133762 4600 0 3000 0 0 0 0 7 0 17 0 leva1sbcreate name MazeW
1 1177115355 4600 0 3000 0 0 0 0 7 0 17 0 leva1sbcreate name MazeW
1 1163220971 4600 0 3000 0 0 0 0 7 0 17 0 leva1sbcreate name MazeW
1 1188950699 4600 0 3000 0 0 0 0 7 0 17 0 leva1sbcreate name MazeW
1 1169461440 4600 0 3800 0 0 0 0 7 0 17 0 leva1sbcreate name MazeW
1 1164384808 4600 0 3000 0 0 0 0 7 0 17 0 leva1sbcreate name MazeW
1 1165709717 4600 0 3800 0 0 0 0 7 0 17 0 leva1sbcreate name MazeW
1 1166454549 4600 0 3800 0 0 0 0 7 0 17 0 leva1sbcreate name MazeW
1 1209577550 4600 0 3000 0 0 0 0 7 0 17 0 leva1sbcreate name MazeW
1 1164248732 4600 0 3800 0 0 0 0 7 0 17 0 leva1sbcreate name MazeW
1 1162845999 4600 0 3000 0 0 0 0 7 0 17 0 leva1sbcreate name MazeW
1 1173497181 4600 0 3000 0 0 0 0 7 0 17 0 leva1sbcreate name MazeW
1 1167345819 4600 0 3800 0 0 0 0 7 0 17 0 leva1sbcreate name MazeW
1 1164731407 4600 0 3000 0 0 0 0 7 0 17 0 leva1sbcreate name MazeW
1 1166815016 4600 0 3000 0 0 0 0 7 0 17 0 leva1sbcreate name MazeW
1 1162847955 4600 0 3000 0 0 0 0 7 0 17 0 leva1sbcreate name MazeW
1 1189733089 4600 0 3800 0 0 0 0 7 0 17 0 leva1sbcreate name MazeW
1 1163348758 4600 0 3800 0 0 0 0 7 0 17 0 leva1sbcreate name MazeW
1 1162590624 4600 0 3000 0 0 0 0 7 0 17 0 leva1sbcreate name MazeW
1 1162999557 4600 0 3800 0 0 0 0 7 0 17 0 leva1sbcreate name MazeW
1 1163348758 4600 0 3000 0 0 0 0 7 0 17 0 leva1sbcreate name MazeW
1 1164050469 4600 0 3000 0 0 0 0 7 0 17 0 leva1sbcreate name MazeW
1 1169328318 4600 0 3800 0 0 0 0 7 0 17 0 leva1sbcreate name MazeW
1 1166857978 4600 0 3000 0 0 0 0 7 0 17 0 leva1sbcreate name MazeW
1 1163133503 4600 0 3000 0 0 0 0 7 0 17 0 leva1sbcreate name MazeW
1 1222265216 4600 0 3000 0 0 0 0 7 0 17 0 leva1sbcreate name MazeW
1 1167337533 4600 0 3000 0 0 0 0 7 0 17 0 leva1sbcreate name MazeW
1 1207938588 4600 0 3800 0 0 0 0 7 0 17 0 leva1sbcreate name MazeW
1 1188322906 4600 0 3800 0 0 0 0 7 0 17 0 leva1sbcreate name MazeW
1 1199187874 4600 0 3800 0 0 0 0 7 0 17 0 leva1sbcreate name MazeW
1 1162590624 4600 0 3800 0 0 0 0 7 0 17 0 leva1sbcreate name MazeW
1 1169093032 4600 0 3000 0 0 0 0 7 0 17 0 leva1sbcreate name MazeW
1 1162586303 4600 0 3000 0 0 0 0 7 0 17 0 leva1sbcreate name MazeW
1 1163006724 4600 0 3800 0 0 0 0 7 0 17 0 leva1sbcreate name MazeW
1 1162999557 4600 0 3000 0 0 0 0 7 0 17 0 leva1sbcreate name MazeW
1 1166857978 4600 0 3800 0 0 0 0 7 0 17 0 leva1sbcreate name MazeW
1 1163133762 4600 0 3800 0 0 0 0 7 0 17 0 leva1sbcreate name MazeW
1 1163038214 4600 0 3800 0 0 0 0 7 0 17 0 leva1sbcreate name MazeW
1 1164731407 4600 0 3800 0 0 0 0 7 0 17 0 leva1sbcreate name MazeW
1 1167501210 4600 0 3000 0 0 0 0 7 0 17 0 leva1sbcreate name MazeW
1 1162847717 4600 0 3000 0 0 0 0 7 0 17 0 leva1sbcreate name MazeW
1 1167171811 4600 0 3000 0 0 0 0 7 0 17 0 leva1sbcreate name MazeW
1 1170287364 4600 0 3000 0 0 0 0 7 0 17 0 leva1sbcreate name MazeW
1 1167256598 4600 0 3000 0 0 0 0 7 0 17 0 leva1sbcreate name MazeW
1 1228046536 4600 0 3000 0 0 0 0 7 0 17 0 leva1sbcreate name MazeW
1 1163117003 4600 0 3000 0 0 0 0 7 0 17 0 leva1sbcreate name MazeW
1 1164349974 4600 0 3000 0 0 0 0 7 0 17 0 leva1sbcreate name MazeW
1 1209577550 4600 0 3800 0 0 0 0 7 0 17 0 leva1sbcreate name MazeW
1 1166819488 4600 0 3000 0 0 0 0 7 0 17 0 leva1sbcreate name MazeW
1 1167165764 4600 0 3800 0 0 0 0 7 0 17 0 leva1sbcreate name MazeW
1 1166819488 4600 0 3800 0 0 0 0 7 0 17 0 leva1sbcreate name MazeW
1 1162590516 4600 0 3000 0 0 0 0 7 0 17 0 leva1sbcreate name MazeW
1 1167501209 4600 0 3800 0 0 0 0 7 0 17 0 leva1sbcreate name MazeW
1 1203156303 4600 0 3800 0 0 0 0 7 0 17 0 leva1sbcreate name MazeW
1 1162847955 4600 0 3800 0 0 0 0 7 0 17 0 leva1sbcreate name MazeW
1 1162594734 4600 0 3800 0 0 0 0 7 0 17 0 leva1sbcreate name MazeW
1 1189202253 4600 0 3800 0 0 0 0 7 0 17 0 leva1sbcreate name MazeW
1 1167171811 4600 0 3800 0 0 0 0 7 0 17 0 leva1sbcreate name MazeW
1 1165959756 4600 0 3800 0 0 0 0 7 0 17 0 leva1sbcreate name MazeW
1 1168267421 4600 0 3000 0 0 0 0 7 0 17 0 leva1sbcreate name MazeW
1 1174323059 4600 0 3000 0 0 0 0 7 0 17 0 leva1sbcreate name MazeW
1 1169093032 4600 0 3800 0 0 0 0 7 0 17 0 leva1sbcreate name MazeW
1 1167165764 4600 0 3000 0 0 0 0 7 0 17 0 leva1sbcreate name MazeW
1 1162590516 4600 0 3800 0 0 0 0 7 0 17 0 leva1sbcreate name MazeW
1 1167250280 4600 0 3800 0 0 0 0 7 0 17 0 leva1sbcreate name MazeW
1 1207497663 4600 0 3800 0 0 0 0 7 0 17 0 leva1sbcreate name MazeW
1 1167387692 4600 0 3000 0 0 0 0 7 0 17 0 leva1sbcreate name MazeW
1 1164424960 4600 0 3800 0 0 0 0 7 0 17 0 leva1sbcreate name MazeW
1 1176848640 4600 0 3000 0 0 0 0 7 0 17 0 leva1sbcreate name MazeW
1 1188485307 4600 0 3800 0 0 0 0 7 0 17 0 leva1sbcreate name MazeW
1 1162592069 4600 0 3000 0 0 0 0 7 0 17 0 leva1sbcreate name MazeW
1 1167841772 4600 0 3000 0 0 0 0 7 0 17 0 leva1sbcreate name MazeW
1 1164050469 4600 0 3800 0 0 0 0 7 0 17 0 leva1sbcreate name MazeW
1 1222265216 4600 0 3800 0 0 0 0 7 0 17 0 leva1sbcreate name MazeW
1 1163220971 4600 0 3800 0 0 0 0 7 0 17 0 leva1sbcreate name MazeW
1 1163030474 4600 0 3800 0 0 0 0 7 0 17 0 leva1sbcreate name MazeW
1 1170287364 4600 0 3800 0 0 0 0 7 0 17 0 leva1sbcreate name MazeW
1 1167841772 4600 0 3800 0 0 0 0 7 0 17 0 leva1sbcreate name MazeW
1 1188601025 4600 0 3800 0 0 0 0 7 0 17 0 leva1sbcreate name MazeW
1 1165959756 4600 0 3000 0 0 0 0 7 0 17 0 leva1sbcreate name MazeW
1 1176848640 4600 0 3800 0 0 0 0 7 0 17 0 leva1sbcreate name MazeW
1 1163345835 4600 0 3000 0 0 0 0 7 0 17 0 leva1sbcreate name MazeW
1 1162592069 4600 0 3800 0 0 0 0 7 0 17 0 leva1sbcreate name MazeW
1 1162587162 4600 0 3000 0 0 0 0 7 0 17 0 leva1sbcreate name MazeW
1 1164339526 4600 0 3000 0 0 0 0 7 0 17 0 leva1sbcreate name MazeW
1 1164335714 4600 0 3000 0 0 0 0 7 0 17 0 leva1sbcreate name MazeW
1 1162844302 4600 0 3000 0 0 0 0 7 0 17 0 leva1sbcreate name MazeW
1 1167036445 4600 0 3800 0 0 0 0 7 0 17 0 leva1sbcreate name MazeW
1 1167228585 4600 0 3000 0 0 0 0 7 0 17 0 leva1sbcreate name MazeW
1 1164292700 4600 0 3000 0 0 0 0 7 0 17 0 leva1sbcreate name MazeW
1 1207497664 4600 0 3000 0 0 0 0 7 0 17 0 leva1sbcreate name MazeW
1 1164290672 4600 0 3000 0 0 0 0 7 0 17 0 leva1sbcreate name MazeW
1 1168267421 4600 0 3800 0 0 0 0 7 0 17 0 leva1sbcreate name MazeW
1 1164981958 4600 0 3800 0 0 0 0 7 0 17 0 leva1sbcreate name MazeW
1 1163031776 4600 0 3000 0 0 0 0 7 0 17 0 leva1sbcreate name MazeW
1 1167255096 4600 0 3000 0 0 0 0 7 0 17 0 leva1sbcreate name MazeW
1 1167255096 4600 0 3800 0 0 0 0 7 0 17 0 leva1sbcreate name MazeW
1 1167101084 4600 0 3000 0 0 0 0 7 0 17 0 leva1sbcreate name MazeW
1 1167228585 4600 0 3800 0 0 0 0 7 0 17 0 leva1sbcreate name MazeW
1 1188950451 4600 0 3000 0 0 0 0 7 0 17 0 leva1sbcreate name MazeW
1 1162587162 4600 0 3800 0 0 0 0 7 0 17 0 leva1sbcreate name MazeW
1 1166454549 4600 0 3000 0 0 0 0 7 0 17 0 leva1sbcreate name MazeW
1 1233399872 4600 0 3800 0 0 0 0 7 0 17 0 leva1sbcreate name MazeW
1 1173497181 4600 0 3800 0 0 0 0 7 0 17 0 leva1sbcreate name MazeW
1 1162594287 4600 0 3000 0 0 0 0 7 0 17 0 leva1sbcreate name MazeW
1 1189202253 4600 0 3000 0 0 0 0 7 0 17 0 leva1sbcreate name MazeW
1 1167101084 4600 0 3800 0 0 0 0 7 0 17 0 leva1sbcreate name MazeW
1 1164335714 4600 0 3800 0 0 0 0 7 0 17 0 leva1sbcreate name MazeW
1 1188950699 4600 0 3800 0 0 0 0 7 0 17 0 leva1sbcreate name MazeW
1 1163031776 4600 0 3800 0 0 0 0 7 0 17 0 leva1sbcreate name MazeW
1 1163117003 4600 0 3800 0 0 0 0 7 0 17 0 leva1sbcreate name MazeW
1 1191186105 4600 0 3000 0 0 0 0 7 0 17 0 leva1sbcreate name MazeW
1 1164424960 4600 0 3000 0 0 0 0 7 0 17 0 leva1sbcreate name MazeW
1 1167259530 4600 0 3800 0 0 0 0 7 0 17 0 leva1sbcreate name MazeW
1 1164249263 4600 0 3000 0 0 0 0 7 0 17 0 leva1sbcreate name MazeW
1 1164574304 4600 0 3800 0 0 0 0 7 0 17 0 leva1sbcreate name MazeW
1 1169328319 4600 0 3000 0 0 0 0 7 0 17 0 leva1sbcreate name MazeW
1 1163033775 4600 0 3000 0 0 0 0 7 0 17 0 leva1sbcreate name MazeW
1 1167239213 4600 0 3000 0 0 0 0 7 0 17 0 leva1sbcreate name MazeW
1 1165709717 4600 0 3000 0 0 0 0 7 0 17 0 leva1sbcreate name MazeW
1 1207938588 4600 0 3000 0 0 0 0 7 0 17 0 leva1sbcreate name MazeW
1 1163030202 4600 0 3800 0 0 0 0 7 0 17 0 leva1sbcreate name MazeW
1 1163038214 4600 0 3000 0 0 0 0 7 0 17 0 leva1sbcreate name MazeW
1 1164249263 4600 0 3800 0 0 0 0 7 0 17 0 leva1sbcreate name MazeW
1 1177115355 4600 0 3800 0 0 0 0 7 0 17 0 leva1sbcreate name MazeW
1 1167256597 4600 0 3800 0 0 0 0 7 0 17 0 leva1sbcreate name MazeW
1 1167178620 4600 0 3000 0 0 0 0 7 0 17 0 leva1sbcreate name MazeW
1 1163006724 4600 0 3000 0 0 0 0 7 0 17 0 leva1sbcreate name MazeW
1 1163030202 4600 0 3000 0 0 0 0 7 0 17 0 leva1sbcreate name MazeW
1 1162844302 4600 0 3800 0 0 0 0 7 0 17 0 leva1sbcreate name MazeW
1 1164292700 4600 0 3800 0 0 0 0 7 0 17 0 leva1sbcreate name MazeW
1 1166819150 4600 0 3000 0 0 0 0 7 0 17 0 leva1sbcreate name MazeW
1 1164248732 4600 0 3000 0 0 0 0 7 0 17 0 leva1sbcreate name MazeW
1 1164384808 4600 0 3800 0 0 0 0 7 0 17 0 leva1sbcreate name MazeW
1 1166455063 4600 0 3800 0 0 0 0 7 0 17 0 leva1sbcreate name MazeW
1 1164052510 4600 0 3000 0 0 0 0 7 0 17 0 leva1sbcreate name MazeW
1 1233399872 4600 0 3000 0 0 0 0 7 0 17 0 leva1sbcreate name MazeW
1 1167078830 4600 0 3000 0 0 0 0 7 0 17 0 leva1sbcreate name MazeW
1 1162848925 4600 0 3800 0 0 0 0 7 0 17 0 leva1sbcreate name MazeW
1 1167387692 4600 0 3800 0 0 0 0 7 0 17 0 leva1sbcreate name MazeW
1 1167239213 4600 0 3800 0 0 0 0 7 0 17 0 leva1sbcreate name MazeW
1 1163298410 4600 0 3800 0 0 0 0 7 0 17 0 leva1sbcreate name MazeW
1 1163033775 4600 0 3800 0 0 0 0 7 0 17 0 leva1sbcreate name MazeW
1 1164981958 4600 0 3000 0 0 0 0 7 0 17 0 leva1sbcreate name MazeW
1 1163298410 4600 0 3000 0 0 0 0 7 0 17 0 leva1sbcreate name MazeW
1 1163345835 4600 0 3800 0 0 0 0 7 0 17 0 leva1sbcreate name MazeW
1 1162586831 4600 0 3000 0 0 0 0 7 0 17 0 leva1sbcreate name MazeW
1 1188601025 4600 0 3000 0 0 0 0 7 0 17 0 leva1sbcreate name MazeW
1 1162848925 4600 0 3000 0 0 0 0 7 0 17 0 leva1sbcreate name MazeW
1 1167266987 4600 0 3800 0 0 0 0 7 0 17 0 leva1sbcreate name MazeW
1 1163025805 4600 0 3000 0 0 0 0 7 0 17 0 leva1sbcreate name MazeW
1 1162847717 4600 0 3800 0 0 0 0 7 0 17 0 leva1sbcreate name MazeW
1 1166819149 4600 0 3800 0 0 0 0 7 0 17 0 leva1sbcreate name MazeW
1 1167250280 4600 0 3000 0 0 0 0 7 0 17 0 leva1sbcreate name MazeW
1 1164574304 4600 0 3000 0 0 0 0 7 0 17 0 leva1sbcreate name MazeW
1 1162586831 4600 0 3800 0 0 0 0 7 0 17 0 leva1sbcreate name MazeW
1 1191186104 4600 0 3800 0 0 0 0 7 0 17 0 leva1sbcreate name MazeW
1 1164636640 4600 0 3800 0 0 0 0 7 0 17 0 leva1sbcreate name MazeW
1 1163030474 4600 0 3000 0 0 0 0 7 0 17 0 leva1sbcreate name MazeW
1 1188322906 4600 0 3000 0 0 0 0 7 0 17 0 leva1sbcreate name MazeW
1 1164052510 4600 0 3800 0 0 0 0 7 0 17 0 leva1sbcreate name MazeW
1 1162586303 4600 0 3800 0 0 0 0 7 0 17 0 leva1sbcreate name MazeW
1 1162594734 4600 0 3000 0 0 0 0 7 0 17 0 leva1sbcreate name MazeW
1 1166455063 4600 0 3000 0 0 0 0 7 0 17 0 leva1sbcreate name MazeW
1 1203156303 4600 0 3000 0 0 0 0 7 0 17 0 leva1sbcreate name MazeW
1 1164636640 4600 0 3000 0 0 0 0 7 0 17 0 leva1sbcreate name MazeW
1 1224928762 4600 0 3000 0 0 0 0 7 0 17 0 leva1sbcreate name MazeW
1 1162595153 4600 0 3800 0 0 0 0 7 0 17 0 leva1sbcreate name MazeW
1 1166815016 4600 0 3800 0 0 0 0 7 0 17 0 leva1sbcreate name MazeW
1 1188485307 4600 0 3000 0 0 0 0 7 0 17 0 leva1sbcreate name MazeW
1 1169461440 4600 0 3000 0 0 0 0 7 0 17 0 leva1sbcreate name MazeW
1 1167345820 4600 0 3000 0 0 0 0 7 0 17 0 leva1sbcreate name MazeW
1 1167259530 4600 0 3000 0 0 0 0 7 0 17 0 leva1sbcreate name MazeW
1 1167178620 4600 0 3800 0 0 0 0 7 0 17 0 leva1sbcreate name MazeW
1 1188950451 4600 0 3800 0 0 0 0 7 0 17 0 leva1sbcreate name MazeW
1 1167036445 4600 0 3000 0 0 0 0 7 0 17 0 leva1sbcreate name MazeW
1 1167266987 4600 0 3000 0 0 0 0 7 0 17 0 leva1sbcreate name MazeW
1 1174323059 4600 0 3800 0 0 0 0 7 0 17 0 leva1sbcreate name MazeW
1 1164290672 4600 0 3800 0 0 0 0 7 0 17 0 leva1sbcreate name MazeW
1 1167260984 4600 0 3800 0 0 0 0 7 0 17 0 leva1sbcreate name MazeW
1 1199187874 4600 0 3000 0 0 0 0 7 0 17 0 leva1sbcreate name MazeW
1 1162587259 4500 0 4000 0 0 0 0 5 0 0 0 leva1
1 1162587274 4000 0 4000 0 0 0 0 5 0 0 0 leva1
1 1120673366 4000 0 -6000 0 0 0 0 5 0 0 0 leva1
1 1162841100 4975 0 -2013 3552 0 0 0 4 0 0 0 dot1
1 1162586474 4000 0 -2500 1800 0 0 0 5 0 0 0 leva1
1 1162586474 4500 0 -2500 1800 0 0 0 5 0 0 0 leva1
1 1162841100 4475 0 -2013 3552 0 0 0 4 0 0 0 dot1
1 1162586474 4500 0 -1500 1800 0 0 0 5 0 0 0 leva1
1 1162841075 4403 0 -1113 3552 0 0 0 4 0 0 0 dot1
1 1162841075 4903 0 -1113 3552 0 0 0 4 0 0 0 dot1
1 1162586474 4000 0 -1500 1800 0 0 0 5 0 0 0 leva1
1 1162587382 4500 0 -700 1800 0 0 0 5 0 0 0 leva1
1 1162841106 4323 0 -113 3552 0 0 0 4 0 0 0 dot1
1 1162587382 4000 0 -700 1800 0 0 0 5 0 0 0 leva1
1 1162841106 4823 0 -113 3552 0 0 0 4 0 0 0 dot1
1 1162587382 5000 0 300 1800 0 0 0 5 0 0 0 leva1
1 1162587382 5500 0 300 1800 0 0 0 5 0 0 0 leva1
1 1162587294 5500 0 2800 0 0 0 0 5 0 0 0 leva1
1 1162587294 5000 0 2800 0 0 0 0 5 0 0 0 leva1
1 1164339526 5400 0 3800 0 0 0 0 7 0 17 0 leva1sbcreate name MazeW
1 1164335714 5800 0 3400 900 0 0 0 7 0 17 0 leva1sbcreate name MazeW
1 1164249263 5400 0 3800 0 0 0 0 7 0 17 0 leva1sbcreate name MazeW
1 1167259530 5400 0 3000 0 0 0 0 7 0 17 0 leva1sbcreate name MazeW
1 1164248732 5400 0 3800 0 0 0 0 7 0 17 0 leva1sbcreate name MazeW
1 1162587162 5800 0 3400 900 0 0 0 7 0 17 0 leva1sbcreate name MazeW
1 1162587162 5400 0 3800 0 0 0 0 7 0 17 0 leva1sbcreate name MazeW
1 1164384808 5400 0 3000 0 0 0 0 7 0 17 0 leva1sbcreate name MazeW
1 1167260984 5800 0 3400 900 0 0 0 7 0 17 0 leva1sbcreate name MazeW
1 1164574304 5800 0 3400 900 0 0 0 7 0 17 0 leva1sbcreate name MazeW
1 1164335714 5400 0 3000 0 0 0 0 7 0 17 0 leva1sbcreate name MazeW
1 1166454549 5400 0 3000 0 0 0 0 7 0 17 0 leva1sbcreate name MazeW
1 1167255096 5800 0 3400 900 0 0 0 7 0 17 0 leva1sbcreate name MazeW
1 1167178620 5400 0 3800 0 0 0 0 7 0 17 0 leva1sbcreate name MazeW
1 1163030202 5400 0 3000 0 0 0 0 7 0 17 0 leva1sbcreate name MazeW
1 1167266987 5400 0 3000 0 0 0 0 7 0 17 0 leva1sbcreate name MazeW
1 1167178620 5400 0 3000 0 0 0 0 7 0 17 0 leva1sbcreate name MazeW
1 1166815016 5800 0 3400 900 0 0 0 7 0 17 0 leva1sbcreate name MazeW
1 1162999557 5400 0 3800 0 0 0 0 7 0 17 0 leva1sbcreate name MazeW
1 1167078830 5800 0 3400 900 0 0 0 7 0 17 0 leva1sbcreate name MazeW
1 1162586831 5400 0 3800 0 0 0 0 7 0 17 0 leva1sbcreate name MazeW
1 1166454549 5400 0 3800 0 0 0 0 7 0 17 0 leva1sbcreate name MazeW
1 1167337533 5400 0 3800 0 0 0 0 7 0 17 0 leva1sbcreate name MazeW
1 1162595153 5400 0 3000 0 0 0 0 7 0 17 0 leva1sbcreate name MazeW
1 1165709717 5400 0 3800 0 0 0 0 7 0 17 0 leva1sbcreate name MazeW
1 1164731407 5400 0 3000 0 0 0 0 7 0 17 0 leva1sbcreate name MazeW
1 1163220971 5400 0 3800 0 0 0 0 7 0 17 0 leva1sbcreate name MazeW
1 1162586303 5400 0 3000 0 0 0 0 7 0 17 0 leva1sbcreate name MazeW
1 1167165764 5400 0 3000 0 0 0 0 7 0 17 0 leva1sbcreate name MazeW
1 1163133762 5400 0 3800 0 0 0 0 7 0 17 0 leva1sbcreate name MazeW
1 1165709717 5400 0 3000 0 0 0 0 7 0 17 0 leva1sbcreate name MazeW
1 1163298410 5400 0 3800 0 0 0 0 7 0 17 0 leva1sbcreate name MazeW
1 1166857978 5400 0 3000 0 0 0 0 7 0 17 0 leva1sbcreate name MazeW
1 1167255096 5400 0 3000 0 0 0 0 7 0 17 0 leva1sbcreate name MazeW
1 1167387693 5400 0 3800 0 0 0 0 7 0 17 0 leva1sbcreate name MazeW
1 1162595153 5800 0 3400 900 0 0 0 7 0 17 0 leva1sbcreate name MazeW
1 1164339526 5400 0 3000 0 0 0 0 7 0 17 0 leva1sbcreate name MazeW
1 1163031777 5800 0 3400 900 0 0 0 7 0 17 0 leva1sbcreate name MazeW
1 1163345835 5400 0 3800 0 0 0 0 7 0 17 0 leva1sbcreate name MazeW
1 1163345835 5800 0 3400 900 0 0 0 7 0 17 0 leva1sbcreate name MazeW
1 1164050469 5400 0 3800 0 0 0 0 7 0 17 0 leva1sbcreate name MazeW
1 1163298410 5400 0 3000 0 0 0 0 7 0 17 0 leva1sbcreate name MazeW
1 1162844302 5400 0 3000 0 0 0 0 7 0 17 0 leva1sbcreate name MazeW
1 1163038214 5400 0 3000 0 0 0 0 7 0 17 0 leva1sbcreate name MazeW
1 1167239214 5400 0 3000 0 0 0 0 7 0 17 0 leva1sbcreate name MazeW
1 1167345820 5400 0 3800 0 0 0 0 7 0 17 0 leva1sbcreate name MazeW
1 1167171811 5400 0 3000 0 0 0 0 7 0 17 0 leva1sbcreate name MazeW
1 1163031776 5400 0 3800 0 0 0 0 7 0 17 0 leva1sbcreate name MazeW
1 1162587162 5400 0 3000 0 0 0 0 7 0 17 0 leva1sbcreate name MazeW
1 1164981958 5400 0 3000 0 0 0 0 7 0 17 0 leva1sbcreate name MazeW
1 1167171811 5400 0 3800 0 0 0 0 7 0 17 0 leva1sbcreate name MazeW
1 1162590624 5400 0 3000 0 0 0 0 7 0 17 0 leva1sbcreate name MazeW
1 1164248733 5800 0 3400 900 0 0 0 7 0 17 0 leva1sbcreate name MazeW
1 1164574304 5400 0 3800 0 0 0 0 7 0 17 0 leva1sbcreate name MazeW
1 1162595153 5400 0 3800 0 0 0 0 7 0 17 0 leva1sbcreate name MazeW
1 1167255096 5400 0 3800 0 0 0 0 7 0 17 0 leva1sbcreate name MazeW
1 1164424960 5800 0 3400 900 0 0 0 7 0 17 0 leva1sbcreate name MazeW
1 1163033775 5400 0 3000 0 0 0 0 7 0 17 0 leva1sbcreate name MazeW
1 1167337533 5400 0 3000 0 0 0 0 7 0 17 0 leva1sbcreate name MazeW
1 1164248732 5400 0 3000 0 0 0 0 7 0 17 0 leva1sbcreate name MazeW
1 1167256598 5400 0 3800 0 0 0 0 7 0 17 0 leva1sbcreate name MazeW
1 1163133762 5800 0 3400 900 0 0 0 7 0 17 0 leva1sbcreate name MazeW
1 1162592069 5400 0 3000 0 0 0 0 7 0 17 0 leva1sbcreate name MazeW
1 1162590516 5800 0 3400 900 0 0 0 7 0 17 0 leva1sbcreate name MazeW
1 1166454549 5800 0 3400 900 0 0 0 7 0 17 0 leva1sbcreate name MazeW
1 1162592069 5400 0 3800 0 0 0 0 7 0 17 0 leva1sbcreate name MazeW
1 1166857978 5800 0 3400 900 0 0 0 7 0 17 0 leva1sbcreate name MazeW
1 1164731407 5400 0 3800 0 0 0 0 7 0 17 0 leva1sbcreate name MazeW
1 1167250281 5400 0 3000 0 0 0 0 7 0 17 0 leva1sbcreate name MazeW
1 1167165764 5400 0 3800 0 0 0 0 7 0 17 0 leva1sbcreate name MazeW
1 1164290672 5800 0 3400 900 0 0 0 7 0 17 0 leva1sbcreate name MazeW
1 1163133503 5800 0 3400 900 0 0 0 7 0 17 0 leva1sbcreate name MazeW
1 1164052510 5400 0 3000 0 0 0 0 7 0 17 0 leva1sbcreate name MazeW
1 1162590516 5400 0 3800 0 0 0 0 7 0 17 0 leva1sbcreate name MazeW
1 1167171811 5800 0 3400 900 0 0 0 7 0 17 0 leva1sbcreate name MazeW
1 1167256598 5800 0 3400 900 0 0 0 7 0 17 0 leva1sbcreate name MazeW
1 1167345820 5400 0 3000 0 0 0 0 7 0 17 0 leva1sbcreate name MazeW
1 1166819150 5800 0 3400 900 0 0 0 7 0 17 0 leva1sbcreate name MazeW
1 1167036445 5800 0 3400 900 0 0 0 7 0 17 0 leva1sbcreate name MazeW
1 1163006724 5400 0 3800 0 0 0 0 7 0 17 0 leva1sbcreate name MazeW
1 1163030202 5800 0 3400 900 0 0 0 7 0 17 0 leva1sbcreate name MazeW
1 1163006724 5400 0 3000 0 0 0 0 7 0 17 0 leva1sbcreate name MazeW
1 1164052510 5400 0 3800 0 0 0 0 7 0 17 0 leva1sbcreate name MazeW
1 1167101084 5400 0 3800 0 0 0 0 7 0 17 0 leva1sbcreate name MazeW
1 1163038214 5400 0 3800 0 0 0 0 7 0 17 0 leva1sbcreate name MazeW
1 1166819150 5400 0 3000 0 0 0 0 7 0 17 0 leva1sbcreate name MazeW
1 1162999557 5400 0 3000 0 0 0 0 7 0 17 0 leva1sbcreate name MazeW
1 1162594287 5800 0 3400 900 0 0 0 7 0 17 0 leva1sbcreate name MazeW
1 1163345835 5400 0 3000 0 0 0 0 7 0 17 0 leva1sbcreate name MazeW
1 1164981958 5400 0 3800 0 0 0 0 7 0 17 0 leva1sbcreate name MazeW
1 1163025805 5400 0 3800 0 0 0 0 7 0 17 0 leva1sbcreate name MazeW
1 1166455063 5400 0 3000 0 0 0 0 7 0 17 0 leva1sbcreate name MazeW
1 1162592069 5800 0 3400 900 0 0 0 7 0 17 0 leva1sbcreate name MazeW
1 1163220971 5400 0 3000 0 0 0 0 7 0 17 0 leva1sbcreate name MazeW
1 1164636640 5800 0 3400 900 0 0 0 7 0 17 0 leva1sbcreate name MazeW
1 1166857978 5400 0 3800 0 0 0 0 7 0 17 0 leva1sbcreate name MazeW
1 1165959756 5400 0 3000 0 0 0 0 7 0 17 0 leva1sbcreate name MazeW
1 1166455063 5400 0 3800 0 0 0 0 7 0 17 0 leva1sbcreate name MazeW
1 1164981958 5800 0 3400 900 0 0 0 7 0 17 0 leva1sbcreate name MazeW
1 1163298410 5800 0 3400 900 0 0 0 7 0 17 0 leva1sbcreate name MazeW
1 1163030202 5400 0 3800 0 0 0 0 7 0 17 0 leva1sbcreate name MazeW
1 1162594287 5400 0 3000 0 0 0 0 7 0 17 0 leva1sbcreate name MazeW
1 1164052510 5800 0 3400 900 0 0 0 7 0 17 0 leva1sbcreate name MazeW
1 1164249263 5400 0 3000 0 0 0 0 7 0 17 0 leva1sbcreate name MazeW
1 1167259530 5800 0 3400 900 0 0 0 7 0 17 0 leva1sbcreate name MazeW
1 1164349974 5800 0 3400 900 0 0 0 7 0 17 0 leva1sbcreate name MazeW
1 1162586832 5800 0 3400 900 0 0 0 7 0 17 0 leva1sbcreate name MazeW
1 1167260984 5400 0 3000 0 0 0 0 7 0 17 0 leva1sbcreate name MazeW
1 1166819488 5400 0 3000 0 0 0 0 7 0 17 0 leva1sbcreate name MazeW
1 1164384808 5400 0 3800 0 0 0 0 7 0 17 0 leva1sbcreate name MazeW
1 1164292700 5800 0 3400 900 0 0 0 7 0 17 0 leva1sbcreate name MazeW
1 1162594734 5800 0 3400 900 0 0 0 7 0 17 0 leva1sbcreate name MazeW
1 1163006724 5800 0 3400 900 0 0 0 7 0 17 0 leva1sbcreate name MazeW
1 1163348758 5400 0 3800 0 0 0 0 7 0 17 0 leva1sbcreate name MazeW
1 1163117003 5400 0 3800 0 0 0 0 7 0 17 0 leva1sbcreate name MazeW
1 1163117003 5800 0 3400 900 0 0 0 7 0 17 0 leva1sbcreate name MazeW
1 1167260984 5400 0 3800 0 0 0 0 7 0 17 0 leva1sbcreate name MazeW
1 1164335714 5400 0 3800 0 0 0 0 7 0 17 0 leva1sbcreate name MazeW
1 1167101084 5400 0 3000 0 0 0 0 7 0 17 0 leva1sbcreate name MazeW
1 1167256598 5400 0 3000 0 0 0 0 7 0 17 0 leva1sbcreate name MazeW
1 1164290672 5400 0 3800 0 0 0 0 7 0 17 0 leva1sbcreate name MazeW
1 1164636640 5400 0 3000 0 0 0 0 7 0 17 0 leva1sbcreate name MazeW
1 1167078830 5400 0 3000 0 0 0 0 7 0 17 0 leva1sbcreate name MazeW
1 1162999557 5800 0 3400 900 0 0 0 7 0 17 0 leva1sbcreate name MazeW
1 1163348758 5400 0 3000 0 0 0 0 7 0 17 0 leva1sbcreate name MazeW
1 1163025805 5400 0 3000 0 0 0 0 7 0 17 0 leva1sbcreate name MazeW
1 1167239213 5400 0 3800 0 0 0 0 7 0 17 0 leva1sbcreate name MazeW
1 1167266987 5800 0 3400 900 0 0 0 7 0 17 0 leva1sbcreate name MazeW
1 1166455063 5800 0 3400 900 0 0 0 7 0 17 0 leva1sbcreate name MazeW
1 1164349974 5400 0 3800 0 0 0 0 7 0 17 0 leva1sbcreate name MazeW
1 1164249264 5800 0 3400 900 0 0 0 7 0 17 0 leva1sbcreate name MazeW
1 1167228586 5400 0 3800 0 0 0 0 7 0 17 0 leva1sbcreate name MazeW
1 1167165764 5800 0 3400 900 0 0 0 7 0 17 0 leva1sbcreate name MazeW
1 1163220972 5800 0 3400 900 0 0 0 7 0 17 0 leva1sbcreate name MazeW
1 1164050469 5800 0 3400 900 0 0 0 7 0 17 0 leva1sbcreate name MazeW
1 1164731407 5800 0 3400 900 0 0 0 7 0 17 0 leva1sbcreate name MazeW
1 1167250281 5800 0 3400 900 0 0 0 7 0 17 0 leva1sbcreate name MazeW
1 1163030474 5400 0 3800 0 0 0 0 7 0 17 0 leva1sbcreate name MazeW
1 1162586303 5400 0 3800 0 0 0 0 7 0 17 0 leva1sbcreate name MazeW
1 1164424960 5400 0 3000 0 0 0 0 7 0 17 0 leva1sbcreate name MazeW
1 1162844302 5400 0 3800 0 0 0 0 7 0 17 0 leva1sbcreate name MazeW
1 1166819150 5400 0 3800 0 0 0 0 7 0 17 0 leva1sbcreate name MazeW
1 1167178620 5800 0 3400 900 0 0 0 7 0 17 0 leva1sbcreate name MazeW
1 1163038214 5800 0 3400 900 0 0 0 7 0 17 0 leva1sbcreate name MazeW
1 1167275389 5400 0 3800 0 0 0 0 7 0 17 0 leva1sbcreate name MazeW
1 1162590624 5400 0 3800 0 0 0 0 7 0 17 0 leva1sbcreate name MazeW
1 1167036445 5400 0 3800 0 0 0 0 7 0 17 0 leva1sbcreate name MazeW
1 1164384808 5800 0 3400 900 0 0 0 7 0 17 0 leva1sbcreate name MazeW
1 1167337533 5800 0 3400 900 0 0 0 7 0 17 0 leva1sbcreate name MazeW
1 1167250281 5400 0 3800 0 0 0 0 7 0 17 0 leva1sbcreate name MazeW
1 1164339526 5800 0 3400 900 0 0 0 7 0 17 0 leva1sbcreate name MazeW
1 1164292700 5400 0 3800 0 0 0 0 7 0 17 0 leva1sbcreate name MazeW
1 1163133762 5400 0 3000 0 0 0 0 7 0 17 0 leva1sbcreate name MazeW
1 1164349974 5400 0 3000 0 0 0 0 7 0 17 0 leva1sbcreate name MazeW
1 1167275389 5400 0 3000 0 0 0 0 7 0 17 0 leva1sbcreate name MazeW
1 1163033775 5400 0 3800 0 0 0 0 7 0 17 0 leva1sbcreate name MazeW
1 1167275389 5800 0 3400 900 0 0 0 7 0 17 0 leva1sbcreate name MazeW
1 1163025805 5800 0 3400 900 0 0 0 7 0 17 0 leva1sbcreate name MazeW
1 1164050469 5400 0 3000 0 0 0 0 7 0 17 0 leva1sbcreate name MazeW
1 1163031776 5400 0 3000 0 0 0 0 7 0 17 0 leva1sbcreate name MazeW
1 1162586832 5400 0 3000 0 0 0 0 7 0 17 0 leva1sbcreate name MazeW
1 1167239214 5800 0 3400 900 0 0 0 7 0 17 0 leva1sbcreate name MazeW
1 1164292700 5400 0 3000 0 0 0 0 7 0 17 0 leva1sbcreate name MazeW
1 1165709717 5800 0 3400 900 0 0 0 7 0 17 0 leva1sbcreate name MazeW
1 1167078830 5400 0 3800 0 0 0 0 7 0 17 0 leva1sbcreate name MazeW
1 1163348758 5800 0 3400 900 0 0 0 7 0 17 0 leva1sbcreate name MazeW
1 1166815016 5400 0 3000 0 0 0 0 7 0 17 0 leva1sbcreate name MazeW
1 1164424960 5400 0 3800 0 0 0 0 7 0 17 0 leva1sbcreate name MazeW
1 1167036445 5400 0 3000 0 0 0 0 7 0 17 0 leva1sbcreate name MazeW
1 1164574304 5400 0 3000 0 0 0 0 7 0 17 0 leva1sbcreate name MazeW
1 1166815016 5400 0 3800 0 0 0 0 7 0 17 0 leva1sbcreate name MazeW
1 1163133503 5400 0 3000 0 0 0 0 7 0 17 0 leva1sbcreate name MazeW
1 1162594734 5400 0 3800 0 0 0 0 7 0 17 0 leva1sbcreate name MazeW
1 1162594734 5400 0 3000 0 0 0 0 7 0 17 0 leva1sbcreate name MazeW
1 1163030474 5400 0 3000 0 0 0 0 7 0 17 0 leva1sbcreate name MazeW
1 1162586303 5800 0 3400 900 0 0 0 7 0 17 0 leva1sbcreate name MazeW
1 1164636640 5400 0 3800 0 0 0 0 7 0 17 0 leva1sbcreate name MazeW
1 1167266987 5400 0 3800 0 0 0 0 7 0 17 0 leva1sbcreate name MazeW
1 1163133503 5400 0 3800 0 0 0 0 7 0 17 0 leva1sbcreate name MazeW
1 1167259530 5400 0 3800 0 0 0 0 7 0 17 0 leva1sbcreate name MazeW
1 1166819488 5800 0 3400 900 0 0 0 7 0 17 0 leva1sbcreate name MazeW
1 1163030474 5800 0 3400 900 0 0 0 7 0 17 0 leva1sbcreate name MazeW
1 1162594287 5400 0 3800 0 0 0 0 7 0 17 0 leva1sbcreate name MazeW
1 1167228586 5800 0 3400 900 0 0 0 7 0 17 0 leva1sbcreate name MazeW
1 1167387693 5400 0 3000 0 0 0 0 7 0 17 0 leva1sbcreate name MazeW
1 1162590624 5800 0 3400 900 0 0 0 7 0 17 0 leva1sbcreate name MazeW
1 1165959756 5800 0 3400 900 0 0 0 7 0 17 0 leva1sbcreate name MazeW
1 1167228586 5400 0 3000 0 0 0 0 7 0 17 0 leva1sbcreate name MazeW
1 1163117003 5400 0 3000 0 0 0 0 7 0 17 0 leva1sbcreate name MazeW
1 1163033775 5800 0 3400 900 0 0 0 7 0 17 0 leva1sbcreate name MazeW
1 1164290672 5400 0 3000 0 0 0 0 7 0 17 0 leva1sbcreate name MazeW
1 1165959756 5400 0 3800 0 0 0 0 7 0 17 0 leva1sbcreate name MazeW
1 1167345820 5800 0 3400 900 0 0 0 7 0 17 0 leva1sbcreate name MazeW
1 1167101084 5800 0 3400 900 0 0 0 7 0 17 0 leva1sbcreate name MazeW
1 1162590516 5400 0 3000 0 0 0 0 7 0 17 0 leva1sbcreate name MazeW
1 1166819488 5400 0 3800 0 0 0 0 7 0 17 0 leva1sbcreate name MazeW
1 1162587259 5000 0 4000 0 0 0 0 5 0 0 0 leva1
1 1162587259 5500 0 4000 0 0 0 0 5 0 0 0 leva1
1 1162586474 5000 0 -2500 1800 0 0 0 5 0 0 0 leva1
1 1162841100 5475 0 -2013 3552 0 0 0 4 0 0 0 dot1
1 1162586474 5500 0 -2500 1800 0 0 0 5 0 0 0 leva1
1 1162841075 5403 0 -1113 3552 0 0 0 4 0 0 0 dot1
1 1162586474 5500 0 -1500 1800 0 0 0 5 0 0 0 leva1
1 1162586474 5000 0 -1500 1800 0 0 0 5 0 0 0 leva1
1 1162587382 5500 0 -700 1800 0 0 0 5 0 0 0 leva1
1 1162841106 5323 0 -113 3552 0 0 0 4 0 0 0 dot1
1 1162587382 5000 0 -700 1800 0 0 0 5 0 0 0 leva1
1 1162587382 6000 0 300 1800 0 0 0 5 0 0 0 leva1
1 1162587406 6000 0 2650 0 0 0 0 5 0 0 0 leva1
1 1162587406 6000 0 3150 0 0 0 0 5 0 0 0 leva1
1 1162587406 6000 0 3650 0 0 0 0 5 0 0 0 leva1
1 1162843083 6000 0 4150 0 0 0 0 5 0 0 0 leva1
1 1162841615 6650 5000 5800 0 0 0 3 0 0 0 208 000000000000000000000000000000000000000000000000000000b0c100000000000000000000b0c100000000000000000000000000000000000000000000000000000000000000000000000000000000000000000000000000000000000000000000000000000000000000000000000000000000000000000000803f0000803f0000803f0000803f0000803f0000803f64000000640000000100701700000000000000000000e8030000ffffff00ffffff000000803f01000001050000000000000000000000000000635f73756e6d
1 1162841615 6200 5000 -6050 0 0 0 3 0 0 0 208 0000000000000000000000000000000000000000000000000000000000000000000000b04100000000000000000000b0410000000000000000000000000000000000000000000000000000000000000000000000000000000000000000000000000000000000000000000000000000000000000000000000000000803f0000803f0000803f0000803f0000803f0000803f64000000640000000100701700000000000000000000e8030000ffffff00ffffff000000803f01000001050000000000000000000000000000635f73756e6d
1 1162586474 6000 0 -2500 1800 0 0 0 5 0 0 0 leva1
1 1162586474 6000 0 -2000 1800 0 0 0 5 0 0 0 leva1
1 1162586474 6000 0 -1500 1800 0 0 0 5 0 0 0 leva1
1 1162587382 6000 0 -700 1800 0 0 0 5 0 0 0 leva1
1 1162587382 6000 0 -200 1800 0 0 0 5 0 0 0 leva1
1 1162842539 8200 -2600 1200 0 0 0 3 0 0 0 212 00000000000000000000000000000000000000000000000000000000000000e04000000000000000000000e040000000000000000000000000000000000000000000000000000000000000b44200000000000000000000b442000000000000000000000000000000000000b44200000000000000000000b44300004040000040400000803f0000a0400000a0400000803f64000000640000000100c40900000000000000000000d007000080400000ff80ff000000803f01030002090000000000000000000000000000705f627562626c653200
1 1162842540 8200 -2600 -5400 0 0 0 3 0 0 0 212 00000000000000000000000000000000000000000000000000000000000000e04000000000000000000000e040000000000000000000000000000000000000000000000000000000000000b44200000000000000000000b442000000000000000000000000000000000000b44200000000000000000000b44300004040000040400000803f0000a0400000a0400000803f64000000640000000100c40900000000000000000000d007000080400000ff80ff000000803f01030002090000000000000000000000000000705f627562626c653200
1 1162842540 8200 -2600 -1950 0 0 0 3 0 0 0 212 00000000000000000000000000000000000000000000000000000000000000e04000000000000000000000e040000000000000000000000000000000000000000000000000000000000000b44200000000000000000000b442000000000000000000000000000000000000b44200000000000000000000b44300004040000040400000803f0000a0400000a0400000803f64000000640000000100c40900000000000000000000d007000080400000ff80ff000000803f01030002090000000000000000000000000000705f627562626c653200
1 1162841026 12000 0 -2300 0 0 0 0 4 0 0 0 dot1
1 1162841026 12500 0 -2300 0 0 0 0 4 0 0 0 dot1
1 1162842503 -10050 -2600 1200 0 0 0 3 0 0 0 212 00000000000000000000000000000000000000000000000000000000000000e04000000000000000000000e040000000000000000000000000000000000000000000000000000000000000b44200000000000000000000b442000000000000000000000000000000000000b44200000000000000000000b44300004040000040400000803f0000a0400000a0400000803f64000000640000000100c40900000000000000000000d007000080400000ff80ff000000803f01030002090000000000000000000000000000705f627562626c653200
1 1162842503 -10050 -2600 -5400 0 0 0 3 0 0 0 212 00000000000000000000000000000000000000000000000000000000000000e04000000000000000000000e040000000000000000000000000000000000000000000000000000000000000b44200000000000000000000b442000000000000000000000000000000000000b44200000000000000000000b44300004040000040400000803f0000a0400000a0400000803f64000000640000000100c40900000000000000000000d007000080400000ff80ff000000803f01030002090000000000000000000000000000705f627562626c653200
1 1162842503 -10050 -2600 -1950 0 0 0 3 0 0 0 212 00000000000000000000000000000000000000000000000000000000000000e04000000000000000000000e040000000000000000000000000000000000000000000000000000000000000b44200000000000000000000b442000000000000000000000000000000000000b44200000000000000000000b44300004040000040400000803f0000a0400000a0400000803f64000000640000000100c40900000000000000000000d007000080400000ff80ff000000803f01030002090000000000000000000000000000705f627562626c653200
1 1162841615 -7500 5000 5950 0 0 0 3 0 0 0 208 0000000000000000000000000000000000000000000000000000000000000000000000b0c100000000000000000000b0c10000000000000000000000000000000000000000000000000000000000000000000000000000000000000000000000000000000000000000000000000000000000000000000000000000803f0000803f0000803f0000803f0000803f0000803f64000000640000000100701700000000000000000000e8030000ffffff00ffffff000000803f01000001050000000000000000000000000000635f73756e6d
1 1162841615 -7500 5000 -6100 0 0 0 3 0 0 0 208 000000000000000000000000000000000000000000000000000000b04100000000000000000000b04100000000000000000000000000000000000000000000000000000000000000000000000000000000000000000000000000000000000000000000000000000000000000000000000000000000000000000000803f0000803f0000803f0000803f0000803f0000803f64000000640000000100701700000000000000000000e8030000ffffff00ffffff000000803f01000001050000000000000000000000000000635f73756e6d
1 1162594687 -7050 0 -1000 0 0 0 0 4 0 0 0 dot1
1 1162594687 -6550 0 -1000 0 0 0 0 4 0 0 0 dot1
1 1162594678 -6050 0 -1000 0 0 0 0 4 0 0 0 dot1
1 1120673365 -5500 0 500 0 0 0 0 5 0 0 0 leva1
1 1120673365 -6000 0 500 0 0 0 0 5 0 0 0 leva1
1 1162583133 -5500 0 0 0 0 0 0 5 0 0 0 leva1
1 1254935683 -5400 0 200 900 0 0 0 7 0 17 0 leva1sbcreate name MazeW
1 1120673365 -5500 0 1000 0 0 0 0 5 0 0 0 leva1
1 1254935683 -5400 0 1000 900 0 0 0 7 0 17 0 leva1sbcreate name MazeW
1 1120673365 -5500 0 1500 0 0 0 0 5 0 0 0 leva1
1 1254935683 -5400 0 1800 900 0 0 0 7 0 17 0 leva1sbcreate name MazeW
1 1254935684 -5400 0 2600 900 0 0 0 7 0 17 0 leva1sbcreate name MazeW
1 1120673365 -5500 0 2000 0 0 0 0 5 0 0 0 leva1
1 1120673364 -5500 0 2500 0 0 0 0 5 0 0 0 leva1
1 1120673364 -5500 0 3500 0 0 0 0 5 0 0 0 leva1
1 1120673364 -5500 0 3000 0 0 0 0 5 0 0 0 leva1
1 1254935688 -5400 0 3400 900 0 0 0 7 0 17 0 leva1sbcreate name MazeW
1 1162586401 -5500 0 4000 0 0 0 0 5 0 0 0 leva1
1 1120673366 -5500 0 -6000 0 0 0 0 5 0 0 0 leva1
1 1120673366 -6000 0 -6000 0 0 0 0 5 0 0 0 leva1
1 1120673366 -5500 0 -5500 0 0 0 0 5 0 0 0 leva1
1 1254935688 -5400 0 -5400 900 0 0 0 7 0 17 0 leva1sbcreate name MazeW
1 1254935682 -5400 0 -4600 900 0 0 0 7 0 17 0 leva1sbcreate name MazeW
1 1120673366 -5500 0 -5000 0 0 0 0 5 0 0 0 leva1
1 1162583083 -5500 0 -4500 0 0 0 0 5 0 0 0 leva1
1 1254935682 -5400 0 -3800 900 0 0 0 7 0 17 0 leva1sbcreate name MazeW
1 1120673366 -5500 0 -4000 0 0 0 0 5 0 0 0 leva1
1 1120673366 -5500 0 -3500 0 0 0 0 5 0 0 0 leva1
1 1120673366 -5500 0 -2500 0 0 0 0 5 0 0 0 leva1
1 1254935682 -5400 0 -2200 900 0 0 0 7 0 17 0 leva1sbcreate name MazeW
1 1120673366 -5500 0 -3000 0 0 0 0 5 0 0 0 leva1
1 1254935682 -5400 0 -3000 900 0 0 0 7 0 17 0 leva1sbcreate name MazeW
1 1120673365 -5500 0 -1500 0 0 0 0 5 0 0 0 leva1
1 1162583127 -5500 0 -2000 0 0 0 0 5 0 0 0 leva1
1 1254935683 -5400 0 -1400 900 0 0 0 7 0 17 0 leva1sbcreate name MazeW
1 1120673365 -6000 0 -1500 0 0 0 0 5 0 0 0 leva1
1 1162594678 -5550 0 -1000 0 0 0 0 4 0 0 0 dot1
1 1120673365 -6000 0 -500 0 0 0 0 5 0 0 0 leva1
1 1254935683 -5400 0 -600 900 0 0 0 7 0 17 0 leva1sbcreate name MazeW
1 1120673365 -5500 0 -500 0 0 0 0 5 0 0 0 leva1
1 1254935683 -4600 0 200 900 0 0 0 7 0 17 0 leva1sbcreate name MazeW
1 1254935683 -4600 0 1000 900 0 0 0 7 0 17 0 leva1sbcreate name MazeW
1 1254935683 -4600 0 1800 900 0 0 0 7 0 17 0 leva1sbcreate name MazeW
1 1254935684 -4600 0 2600 900 0 0 0 7 0 17 0 leva1sbcreate name MazeW
1 1254935684 -5000 0 3800 0 0 0 0 7 0 17 0 leva1sbcreate name MazeW
1 1254935697 -4200 0 3000 0 0 0 0 7 0 17 0 leva1sbcreate name MazeW
1 1254935684 -4200 0 3800 0 0 0 0 7 0 17 0 leva1sbcreate name MazeW
1 1254935684 -5000 0 3000 0 0 0 0 7 0 17 0 leva1sbcreate name MazeW
1 1162586401 -4500 0 4000 0 0 0 0 5 0 0 0 leva1
1 1162586401 -5000 0 4000 0 0 0 0 5 0 0 0 leva1
1 1162586587 -4500 0 -6500 0 0 0 0 5 0 0 0 leva1
1 1254935684 -5000 0 -5800 0 0 0 0 7 0 17 0 leva1sbcreate name MazeW
1 1254935684 -4200 0 -5800 0 0 0 0 7 0 17 0 leva1sbcreate name MazeW
1 1120673366 -4500 0 -6000 0 0 0 0 5 0 0 0 leva1
1 1120673366 -5000 0 -6000 0 0 0 0 5 0 0 0 leva1
1 1254935688 -4200 0 -4200 0 0 0 0 7 0 17 0 leva1sbcreate name MazeW
1 1254935682 -4600 0 -4600 900 0 0 0 7 0 17 0 leva1sbcreate name MazeW
1 1254935682 -4600 0 -3800 900 0 0 0 7 0 17 0 leva1sbcreate name MazeW
1 1254935690 -4200 0 -2600 0 0 0 0 7 0 17 0 leva1sbcreate name MazeW
1 1254935682 -4600 0 -2200 900 0 0 0 7 0 17 0 leva1sbcreate name MazeW
1 1254935682 -4600 0 -3000 900 0 0 0 7 0 17 0 leva1sbcreate name MazeW
1 1254935691 -4200 0 -1800 0 0 0 0 7 0 17 0 leva1sbcreate name MazeW
1 1254935683 -4600 0 -1400 900 0 0 0 7 0 17 0 leva1sbcreate name MazeW
1 1162842748 -4550 1450 -600 0 0 0 3 0 0 0 211 00000000000000000000000000000000000000000000000000000000000000000000000000000000000000000000000000000000000000000000000000000000000000000000000000000000000000000000000000000000000000000000000000000002c3000002c3000048c200000243000002430000204200002041000020410000003f0000c8410ad7233c0ad7233cc80000002c0100000100d007000000000000f4010000f4010000ffffff000000ff000000803f01010002080000000000000000000000000000635f666c6172653200
1 1254935683 -4600 0 -600 900 0 0 0 7 0 17 0 leva1sbcreate name MazeW
1 1254935694 -3400 0 600 0 0 0 0 7 0 17 0 leva1sbcreate name MazeW
1 1254935694 -3800 0 200 900 0 0 0 7 0 17 0 leva1sbcreate name MazeW
1 1254935695 -3800 0 1000 900 0 0 0 7 0 17 0 leva1sbcreate name MazeW
1 1254935696 -3800 0 1800 900 0 0 0 7 0 17 0 leva1sbcreate name MazeW
1 1254935696 -3400 0 2200 0 0 0 0 7 0 17 0 leva1sbcreate name MazeW
1 1254935684 -3400 0 3800 0 0 0 0 7 0 17 0 leva1sbcreate name MazeW
1 1254935697 -3400 0 3000 0 0 0 0 7 0 17 0 leva1sbcreate name MazeW
1 1162586401 -3500 0 4000 0 0 0 0 5 0 0 0 leva1
1 1162586401 -4000 0 4000 0 0 0 0 5 0 0 0 leva1
1 1162586587 -4000 0 -6500 0 0 0 0 5 0 0 0 leva1
1 1162841162 -3750 0 -6150 0 0 0 0 4 0 0 0 dot1
1 1162586587 -3500 0 -6500 0 0 0 0 5 0 0 0 leva1
1 1254935684 -3400 0 -5800 0 0 0 0 7 0 17 0 leva1sbcreate name MazeW
1 1254935684 -3400 0 -5000 0 0 0 0 7 0 17 0 leva1sbcreate name MazeW
1 1254935689 -3400 0 -3400 0 0 0 0 7 0 17 0 leva1sbcreate name MazeW
1 1254935690 -3400 0 -2600 0 0 0 0 7 0 17 0 leva1sbcreate name MazeW
1 1254935691 -3400 0 -1800 0 0 0 0 7 0 17 0 leva1sbcreate name MazeW
1 1254935693 -3800 0 -600 900 0 0 0 7 0 17 0 leva1sbcreate name MazeW
1 1254935693 -3400 0 -1000 0 0 0 0 7 0 17 0 leva1sbcreate name MazeW
1 1254935694 -2600 0 600 0 0 0 0 7 0 17 0 leva1sbcreate name MazeW
1 1254935694 -2200 0 200 900 0 0 0 7 0 17 0 leva1sbcreate name MazeW
1 1254935695 -2600 0 1400 0 0 0 0 7 0 17 0 leva1sbcreate name MazeW
1 1254935697 -2600 0 2200 0 0 0 0 7 0 17 0 leva1sbcreate name MazeW
1 1254935685 -2600 0 3800 0 0 0 0 7 0 17 0 leva1sbcreate name MazeW
1 1254935697 -2600 0 3000 0 0 0 0 7 0 17 0 leva1sbcreate name MazeW
1 1162586402 -2500 0 4000 0 0 0 0 5 0 0 0 leva1
1 1162586402 -3000 0 4000 0 0 0 0 5 0 0 0 leva1
1 1162587202 -2500 0 -8150 0 0 0 0 4 0 0 0 dot1
1 1162586587 -3000 0 -6500 0 0 0 0 5 0 0 0 leva1
1 1120673366 -3000 0 -6000 0 0 0 0 5 0 0 0 leva1
1 1120673366 -2500 0 -6000 0 0 0 0 5 0 0 0 leva1
1 1254935685 -2600 0 -5800 0 0 0 0 7 0 17 0 leva1sbcreate name MazeW
1 1254935685 -2600 0 -5000 0 0 0 0 7 0 17 0 leva1sbcreate name MazeW
1 1254935688 -2600 0 -4200 0 0 0 0 7 0 17 0 leva1sbcreate name MazeW
1 1254935688 -3000 0 -4600 900 0 0 0 7 0 17 0 leva1sbcreate name MazeW
1 1254935689 -3000 0 -3800 900 0 0 0 7 0 17 0 leva1sbcreate name MazeW
1 1254935691 -2600 0 -2600 0 0 0 0 7 0 17 0 leva1sbcreate name MazeW
1 1254935690 -2200 0 -3000 900 0 0 0 7 0 17 0 leva1sbcreate name MazeW
1 1254935692 -2200 0 -1400 900 0 0 0 7 0 17 0 leva1sbcreate name MazeW
1 1254935691 -2600 0 -1800 0 0 0 0 7 0 17 0 leva1sbcreate name MazeW
1 1254935693 -3000 0 -600 900 0 0 0 7 0 17 0 leva1sbcreate name MazeW
1 1254935693 -2200 0 -600 900 0 0 0 7 0 17 0 leva1sbcreate name MazeW
1 1254935694 -1400 0 200 900 0 0 0 7 0 17 0 leva1sbcreate name MazeW
1 1254935695 -1400 0 1000 900 0 0 0 7 0 17 0 leva1sbcreate name MazeW
1 1254935695 -1800 0 1400 0 0 0 0 7 0 17 0 leva1sbcreate name MazeW
1 1254935697 -1400 0 2600 900 0 0 0 7 0 17 0 leva1sbcreate name MazeW
1 1254935685 -1800 0 3800 0 0 0 0 7 0 17 0 leva1sbcreate name MazeW
1 1254935698 -1800 0 3000 0 0 0 0 7 0 17 0 leva1sbcreate name MazeW
1 1162586402 -2000 0 4000 0 0 0 0 5 0 0 0 leva1
1 1162586402 -1500 0 4000 0 0 0 0 5 0 0 0 leva1
1 1162587202 -1500 0 -8150 0 0 0 0 4 0 0 0 dot1
1 1162587473 -2000 0 -6150 0 0 0 0 4 0 0 0 dot1
1 1254935685 -1800 0 -5800 0 0 0 0 7 0 17 0 leva1sbcreate name MazeW
1 1120673366 -1500 0 -6000 0 0 0 0 5 0 0 0 leva1
1 1254935685 -1800 0 -5000 0 0 0 0 7 0 17 0 leva1sbcreate name MazeW
1 1254935689 -1400 0 -3800 900 0 0 0 7 0 17 0 leva1sbcreate name MazeW
1 1254935689 -1800 0 -3400 0 0 0 0 7 0 17 0 leva1sbcreate name MazeW
1 1254935691 -1400 0 -2200 900 0 0 0 7 0 17 0 leva1sbcreate name MazeW
1 1254935692 -1800 0 -1800 0 0 0 0 7 0 17 0 leva1sbcreate name MazeW
1 1162842972 -1150 2100 -900 0 0 0 3 0 0 0 212 00000000000000000000000000000000000000000000000000000000000000000000001041000000000000000000001041000000000000000000000000000000000000000000000000000000000000000000000000000000000000000000000000000000000000000000000000000000000000000000000000cdcccc3d000070410000803f00007041cdcccc3d0000803f64000000c80000000100e8030000000000000000000000000000ff00ff0000ffff000000803f01010002090000000000000000000000000000705f636f726f6e613100
1 1254935693 -1400 0 -600 900 0 0 0 7 0 17 0 leva1sbcreate name MazeW
1 1254935695 -200 0 600 0 0 0 0 7 0 17 0 leva1sbcreate name MazeW
1 1254935696 -1000 0 1400 0 0 0 0 7 0 17 0 leva1sbcreate name MazeW
1 1254935696 -200 0 1400 0 0 0 0 7 0 17 0 leva1sbcreate name MazeW
1 1254935697 -1000 0 2200 0 0 0 0 7 0 17 0 leva1sbcreate name MazeW
1 1254935698 -1000 0 3000 0 0 0 0 7 0 17 0 leva1sbcreate name MazeW
1 1254935685 -1000 0 3800 0 0 0 0 7 0 17 0 leva1sbcreate name MazeW
1 1254935686 -200 0 3800 0 0 0 0 7 0 17 0 leva1sbcreate name MazeW
1 1254935698 -200 0 3000 0 0 0 0 7 0 17 0 leva1sbcreate name MazeW
1 1162586402 -1000 0 4000 0 0 0 0 5 0 0 0 leva1
1 1162586402 -500 0 4000 0 0 0 0 5 0 0 0 leva1
1 1162587202 -500 0 -8150 0 0 0 0 4 0 0 0 dot1
1 1162587473 -1000 0 -6150 0 0 0 0 4 0 0 0 dot1
1 1254935685 -200 0 -5800 0 0 0 0 7 0 17 0 leva1sbcreate name MazeW
1 1254935685 -1000 0 -5800 0 0 0 0 7 0 17 0 leva1sbcreate name MazeW
1 1120673366 -500 0 -6000 0 0 0 0 5 0 0 0 leva1
1 1254935688 -200 0 -4200 0 0 0 0 7 0 17 0 leva1sbcreate name MazeW
1 1254935685 -1000 0 -5000 0 0 0 0 7 0 17 0 leva1sbcreate name MazeW
1 1254935686 -200 0 -5000 0 0 0 0 7 0 17 0 leva1sbcreate name MazeW
1 1254935689 -1000 0 -3400 0 0 0 0 7 0 17 0 leva1sbcreate name MazeW
1 1254935690 -600 0 -3000 900 0 0 0 7 0 17 0 leva1sbcreate name MazeW
1 1162846313 -950 1000 -1300 0 0 0 0 2 0 32 0 sbcreate visible off, sound m3.wav
1 1254935692 -200 0 -1800 0 0 0 0 7 0 17 0 leva1sbcreate name MazeW
1 1254935692 -1000 0 -1800 0 0 0 0 7 0 17 0 leva1sbcreate name MazeW
1 1163093293 -200 750 -1000 0 0 0 2 0 0 0 51 000048430000484300004843000000000000400000803f4000ffffff00b004c409000000000000000000000000000000000000
1 1254935693 -1000 0 -1000 0 0 0 0 7 0 17 0 leva1sbcreate name MazeW
1 1165594400 -250 1000 -950 0 0 0 0 2 0 127 0 sbcreate visible off, media url=http://www.bratz.com/miuchizobjects/sounds/mz_core_maze_SMX139_56.mp3 fx=3d radius=200 loop=99999
1 1254935694 -200 0 -200 0 0 0 0 7 0 17 0 leva1sbcreate name MazeW