atdump version 4
0 Y
1 N
2 Y
3 Y
4 Y
5 Y
6 Y
7 Y
8 Y
9 N
10 149
11 149
12 149
13 1
14 
15 1
17 1
18 1.000000
19 30000
20 
21 0
22 0.000000
23 0.000000
24 
25 0.000000
26 cloud_strat1m
27 57
28 0.200000
29 0.300000
30 cloud_strat1
31 2.000000
32 cloud_strat1m
33 115
34 0.500000
35 0.000000
36 cloud_strat1
37 4.000000
39 N
40 N
41 Y
42 1
43 1
44 Y
45 Y
46 *
47 11.99S 30.07E 0.53a 322
49 233
50 Y
51 207
52 200
53 100
54 213
55 0.500000
56 
57 
58 
59 215
60 Y
61 Y
62 30
63 250
64 c_sun
65 255
66 c_sun
67 0.980000
68 -0.620000
69 -0.200000
70 10
72 200
74 86e8739fff42cb4f3bc02e1f
76 http://connect.miuchiz.com/objects/games
77 10080
78 1
79 1
80 N
81 0
83 xsha_sky1
84 255
85 244
86 242
87 233
88 207
89 213
90 254
91 175
92 158
93 233
94 207
95 213
96 254
97 175
98 158
99 233
100 207
101 213
102 
103 splash
104 splash
105 *
106 1
107 1
108 0.200000
109 1.000000
110 0.000000
112 PawzTag
113 
114 109
115 water1_topm
116 water2
117 Y
118 82
119 0.800000
120 
121 255
122 75
123 1.000000
124 0.200000
125 water1_top
126 N
127 80
128 0.600000
129 
130 N
131 
132 
133 N
134 N
135 N
136 Y
137 1.000000
138 2.000000
139 N
140 0.000000
141 90.000000
142 Y
143 Y
144 16777215
145 Y
146 0
147 0
148 1
149 N
150 N
151 move rotate