propdump version 4
1 1164215437 0 0 0 0 0 0 0 13 0 0 0 mz-dnt-build1
1 1164213577 0 100 120 0 0 0 0 13 0 85 0 mz-dnt-needlecreate move .01 .02 0 time=.1 loop smooth reset sync,rotate 0 0 34 time=2 smooth loop
0 1165258591 0 0 0 0 0 0 0 11 0 76 0 mz-dnt-mac1create move .01 .02 0 time=.1 loop smooth reset sync; bump teleport 1s 1w 1a
1 1164922561 0 0 0 0 0 0 0 11 0 0 0 mz-dnt-mac2
1 1164213579 60 60 120 0 0 0 0 13 0 87 0 mz-dnt-needlecreate move .01 .02 0 time=.1 loop smooth reset sync,rotate 0 0 -40 time=.4 smooth loop
1 1164217253 0 -2000 0 0 0 0 0 5 0 74 0 b_lgtcreate visible off,light radius=20 brightness=.25, move 0 60 0 time=1 loop
1 1167857484 0 405 0 0 0 0 3 0 0 0 214 000080bf00000000000080bf0000803f000000000000803f00000000000000204100000000000000000000204100000000000020c100000000000020c10000204100002041000020410000000000000000000000000000000000000000000000000000000000000000000000000000000000000000000000000000003f0000003f0000003f0000003f0000003f0000003f64000000640000000100d0070000000000000000000064000000ffffff00ffffff000000803e010200000b00000000000000000000000000007033323a6d33325f726e6430
1 1164130872 100 310 3000 0 0 0 0 11 0 55 0 mz-dnt-dnt1create move  0 26.43 10 time=3 wait=2 gravity loop sync
1 1164130869 0 310 3000 0 0 0 0 11 0 55 0 mz-dnt-dnt1create move  0 16.62 10 time=2 wait=2 gravity loop sync
1 1164130877 300 310 3000 0 0 0 0 11 0 55 0 mz-dnt-dnt1create move  0 46.05 10 time=5 wait=2 gravity loop sync
1 1164130874 200 310 3000 0 0 0 0 11 0 55 0 mz-dnt-dnt1create move  0 36.24 10 time=4 wait=2 gravity loop sync
1 1164922904 0 80 -1550 0 0 0 3 0 0 0 216 000000000000000000000000000000000000000000000000000000000000000000000000000000000000000000000000000000000000000000000000000000000000000000000000000000000000000000000000000000000000000000000000000000000000000000000000000000000000000000000000000000803f00000040000000400000803f0000004000000040102700001027000001001027000000000000000000000000000000000000000000000000803f000000000d00000000000000000000000000007033323a6d33325f736674303300
1 1164922884 0 80 -1650 0 0 0 3 0 0 0 214 9a9919be00000000cdccccbe9a99193e00000000cdcccc3e000000000000000000000000400000000000000000000000400000000000000000000000000000000000000000000000000000000000000000000000000000000000000000000000000000000000000000000000000000000000000000000000000000803f0000803f0000803f0000803f0000803f0000803f90010000dc0500000100401f000000000000000000000000000000000000000000000000803f000000030b00000000000000000000000000006d7a2d646e742d646e743100
1 1164128986 1000 5 1000 0 0 0 0 12 0 0 0 mz-dnt-floor
1 1164128991 1000 5 -1000 0 0 0 0 12 0 0 0 mz-dnt-floor
1 1164221479 2750 310 3000 0 0 0 0 11 0 86 0 mz-dnt-dnt1create move  -10 36.24 0 time=4 wait=2 gravity loop,rotate 23 64 28 time=4 wait=2 loop
1 1164221412 2800 310 3200 0 0 0 0 11 0 102 0 mz-dnt-dnt1create move  -10 46.05 10 time=5 wait=2 gravity loop;bump noise sfx-unus-089.mp3,solid off,visible off
1 1164221416 3000 310 2800 0 0 0 0 11 0 51 0 mz-dnt-dnt1create move  0 36.24 -10 time=4 wait=2 gravity loop
1 1164221414 3000 310 3200 0 0 0 0 11 0 50 0 mz-dnt-dnt1create move  0 36.24 10 time=4 wait=2 gravity loop
1 1164221411 3200 310 3000 0 0 0 0 11 0 50 0 mz-dnt-dnt1create move  10 46.05 0 time=5 wait=2 gravity loop
1 1164235074 -3800 10 2250 0 0 0 0 11 0 30 0 mz-dnt-dnt1create move  2 0 0 time=2 loop
1 1164129776 -1050 10 2950 0 0 0 0 11 0 32 0 mz-dnt-dnt1create move  -2 0 -2 time=1 loop
1 1164129687 -1050 10 3000 0 0 0 0 11 0 31 0 mz-dnt-dnt1create move  -2 0 0 time=1 loop
1 1164129769 -1050 10 3050 0 0 0 0 11 0 31 0 mz-dnt-dnt1create move  -2 0 2 time=1 loop
1 1164581584 -50 -2900 300 900 0 0 0 2 0 22 0 sbcreate sound machine11
1 1164217168 -125 205 20 0 0 0 3 0 0 0 216 000000000000000000000000000000000000000000000000000000000000008040000000000000000000008040000000000000000000000000000000000000000000000000000000000000000000000000000000000000000000000000000000000000000000000000000000000000000000000000000000000000803f0000803f0000803f0000004000000040000000402c0100002c0100000100e80300000000000000000000e8030000ffffff00ffffff000000803f000100000d00000000000000000000000000007033323a6d33325f736674303400
1 1164581492 -250 -500 200 900 0 0 0 2 0 116 0 sbcreate media url=http://www.bratz.com/miuchizobjects/games/sounds/monstermaze.mp3 fx=3d radius=90 vol=100 loop=99999
1 1164214066 -60 100 120 0 0 0 0 13 0 66 0 mz-dnt-needlecreate move .01 .02 0 time=.1 loop smooth reset sync,rotate 0 0 84
1 1164128987 -1000 5 1000 0 0 0 0 12 0 0 0 mz-dnt-floor
1 1164129714 -1000 10 2950 0 0 0 0 11 0 31 0 mz-dnt-dnt1create move  0 0 -2 time=1 loop
1 1164129726 -950 10 2950 0 0 0 0 11 0 31 0 mz-dnt-dnt1create move  2 0 -2 time=1 loop
1 1164129653 -950 10 3000 0 0 0 0 11 0 30 0 mz-dnt-dnt1create move  2 0 0 time=1 loop
1 1164129762 -950 10 3050 0 0 0 0 11 0 30 0 mz-dnt-dnt1create move  2 0 2 time=1 loop
1 1164129682 -1000 10 3050 0 0 0 0 11 0 31 0 mz-dnt-dnt1create move   0 0 2 time=1 loop
1 1164132954 -1000 5 -1000 0 0 0 0 12 0 0 0 mz-dnt-floor
1 1164217174 -175 205 -15 0 0 0 3 0 0 0 216 000000000000000000000000000000000000000000000000000000000000008040000000000000000000008040000000000000000000000000000000000000000000000000000000000000000000000000000000000000000000000000000000000000000000000000000000000000000000000000000000000000803f0000803f0000803f000000400000004000000040f4010000f40100000100e80300000000000000000000e8030000ffffff00ffffff000000803f000100000d00000000000000000000000000007033323a6d33325f736674303400