propdump version 4
1 1164065891 35 176 35 0 0 0 0 15 0 51 0 mz-fish-fish1a2create rotate 0 6 0,move 0 -1 0 time=10 smooth loop
1 1164226958 0 450 0 0 0 0 3 0 0 0 216 0000c0c0000000000000c0c00000c040000000000000c04000000000000000000000000000000000000000000000000000000000000000000000000000000000000000000000000000000000000000000000008c4200000000000000000000f042000020c1000020c1000020c10000204100002041000020410000a0410000803f0000000000002042000040400000a040f4010000e80300000300b80b000000000000dc050000dc050000d2e2ff00ffffff000000803e010000020d00000000000000000000000000007033323a6d33325f73667430343a
1 1164065891 35 176 35 300 0 0 0 15 0 39 0 mz-fish-fish1a6create rotate 0 12 0,move 0 -1 0 smooth
1 1164038693 0 2500 0 0 0 0 0 5 0 78 0 b_lgtcreate visible off, light radius=80 brightness=.2 color=5c6dd2 fx=pulse time=5
1 1164065891 35 326 35 450 0 0 0 15 0 51 0 mz-fish-fish1a3create rotate 0 9 0,move 0 -1 0 time=10 smooth loop
1 1164065891 35 326 35 2100 0 0 0 15 0 51 0 mz-fish-fish1a4create rotate 0 5 0,move 0 -1 0 time=10 smooth loop
1 1164065891 35 326 35 1800 0 0 0 15 0 52 0 mz-fish-fish1a3create rotate 0 12 0,move 0 -1 0 time=10 smooth loop
1 1164065891 35 176 35 0 0 0 0 15 0 52 0 mz-fish-fish1a3create rotate 0 12 0,move 0 -1 0 time=10 smooth loop
1 1164580398 0 -20 0 0 0 0 0 17 0 0 0 mz-fish-building1
1 1164065891 35 176 35 2700 0 0 0 15 0 38 0 mz-fish-fish1a6create rotate 0 4 0,move 0 -1 0 smooth
1 1164226958 0 350 0 0 0 0 3 0 0 0 216 0000c0c0000000000000c0c00000c040000000000000c040000000000000000000000000000000000000000000000000000000000000000000000000000000000000000000000000000000b44200000000000000000000b44200000000000034430000000000000000000000000000000000000000000000000000003f0000003f0000000000008040000080400000804064000000f40100000300a00f000000000000c8000000e8030000d2e2ff00ffffff000000803f010100020d00000000000000000000000000007033323a6d33325f73667430343a
1 1164065891 35 176 35 1350 0 0 0 15 0 51 0 mz-fish-fish1a2create rotate 0 8 0,move 0 -1 0 time=10 smooth loop
1 1164065891 35 176 35 2700 0 0 0 15 0 51 0 mz-fish-fish1a4create rotate 0 8 0,move 0 -1 0 time=10 smooth loop
1 1164065891 35 326 35 2100 0 0 0 15 0 59 0 mz-fish-fish1a3create rotate 0 11 0,move 0 -1 0 time=10 smooth loop nosync
1 1164055159 0 150 0 0 0 0 2 0 0 0 51 cdcc9041000080400000803f0001010000803f0000803f010095b0fb000100c409000000000000000000000000000000000000
1 1164065891 35 176 35 3300 0 0 0 15 0 38 0 mz-fish-fish1a6create rotate 0 5 0,move 0 -1 0 smooth
1 1164226958 0 650 0 0 0 0 3 0 0 0 216 0000c0c0000000c00000c0c00000c040000000c00000c04000000000000000204100000000000000000000204100000000000000000000000000000000000000000000000000000000000000000000000000008c4200000000000000000000f042000020c1000020c1000020c10000b4420000b4420000b4420000803f0000803f0000803f000000400000004000000040f4010000e80300000100b80b000000000000dc050000dc050000d2e2ff00ffffff000000803f000200030d00000000000000000000000000006d7a2d666973682d66697368313a
1 1164065891 35 176 35 0 0 0 0 15 0 38 0 mz-fish-fish1a6create rotate 0 4 0,move 0 -1 0 smooth
1 1164038678 0 2000 0 0 0 0 0 5 0 78 0 b_lgtcreate visible off, light radius=80 brightness=.2 color=5c6dd2 fx=pulse time=2
1 1164065891 35 276 35 1800 0 0 0 15 0 51 0 mz-fish-fish1a4create rotate 0 8 0,move 0 -1 0 time=10 smooth loop
1 1164065891 35 176 35 2700 0 0 0 15 0 52 0 mz-fish-fish1a3create rotate 0 12 0,move 0 -1 0 time=10 smooth loop
1 1164065891 35 326 35 750 0 0 0 15 0 38 0 mz-fish-fish1a6create rotate 0 4 0,move 0 -1 0 smooth
1 1164065891 35 176 35 0 0 0 0 15 0 51 0 mz-fish-fish1a4create rotate 0 8 0,move 0 -1 0 time=10 smooth loop
1 1164065891 35 326 35 450 0 0 0 15 0 51 0 mz-fish-fish1a4create rotate 0 7 0,move 0 -1 0 time=10 smooth loop
1 1164065891 35 226 35 1050 0 0 0 15 0 38 0 mz-fish-fish1a6create rotate 0 7 0,move 0 -1 0 smooth
1 1164065891 35 276 35 1800 0 0 0 15 0 51 0 mz-fish-fish1a2create rotate 0 6 0,move 0 -1 0 time=10 smooth loop
1 1164236079 0 1 0 0 0 0 0 12 0 0 0 mz-fish-tank
1 1245443228 528 15 2682 1800 0 0 0 8 29 24 0 mjo_sgn2Don't forget to grab your netcreate sign bcolor=black
1 1245443262 968 15 2682 1800 0 0 0 8 29 24 0 mjo_sgn2Don't forget to grab your netcreate sign bcolor=black
1 1164580439 968 50 2714 0 -900 -150 4 11 0 0 42 mz-fish-net0002f805000000000000000000000000000a0a0000640900000000000000000000000000000000000000
1 1164580335 978 -85 2687 1800 0 0 0 14 0 0 0 mz-m01-f-cntr1
1 1164580434 648 50 2719 0 -1050 0 4 11 0 0 42 mz-fish-net0002f805000000000000000000000000000a0a0000640900000000000000000000000000000000000000
1 1168093360 795 50 2707 0 -900 0 4 11 0 0 42 mz-fish-net0002f805000000000000000000000000000a0a0000640900000000000000000000000000000000000000
1 1164580434 348 50 2737 0 -900 150 4 11 0 0 42 mz-fish-net0002f805000000000000000000000000000a0a0000640900000000000000000000000000000000000000
1 1164580434 498 50 2728 0 -900 0 4 11 0 0 42 mz-fish-net0002f805000000000000000000000000000a0a0000640900000000000000000000000000000000000000
1 1164580335 533 -85 2687 1800 0 0 0 14 0 0 0 mz-m01-f-cntr1
1 1164581238 0 2551 -250 0 0 0 0 2 0 121 0 sbcreate media url=http://www.bratz.com/miuchizobjects/games/sounds/fish.mp3 fx=3d radius=90 vol=50 loop=99999, visible off
1 1164580445 1298 50 2715 0 -900 0 4 11 0 0 42 mz-fish-net0002f805000000000000000000000000000a0a0000640900000000000000000000000000000000000000
1 1164580441 1108 50 2722 150 -900 0 4 11 0 0 42 mz-fish-net0002f805000000000000000000000000000a0a0000640900000000000000000000000000000000000000
1 1164580335 1448 50 2721 0 -900 -150 4 11 0 0 42 mz-fish-net0002f805000000000000000000000000000a0a0000640900000000000000000000000000000000000000
1 1164580335 1448 -85 2687 1800 0 0 0 14 0 0 0 mz-m01-f-cntr1
1 1245443264 1448 15 2682 1800 0 0 0 8 29 24 0 mjo_sgn2Don't forget to grab your netcreate sign bcolor=black
1 1164580335 1598 50 2712 0 -900 0 4 11 0 0 42 mz-fish-net0002f805000000000000000000000000000a0a0000640900000000000000000000000000000000000000
1 1164133798 -8617 225 146 0 0 0 0 13 0 83 0 mz-fish-fish1create move -14 29.62 0 gravity time=3.22 wait=5 loop global, rotate 0 12 0 time=.3
1 1164065774 -8400 0 0 0 0 0 0 12 0 0 0 mz-fish-tank
1 1164228419 -8408 225 -298 0 0 0 0 7 0 87 0 shark01create move  0 39.24 -15 time=4 wait=2 gravity loop, rotate 0 42 -5 time=.5 loop smooth
1 1164065774 -8682 225 -96 0 0 0 0 13 0 89 0 mz-fish-fish1create move -14 19.62 0 gravity time=2.21 wait=5  loop global, rotate 0 12 0 time=.3 loop
1 1164133932 -8408 225 -48 0 0 0 0 13 0 89 0 mz-fish-fish1create move 14 29.62 0 gravity time=3.22 wait=5 loop global, rotate 34 12 23 time=.2 loop
1 1165003010 -5700 0 400 0 0 0 0 16 4 44 0 mz-m01-b-barrel1jumpactivate move 4 19.62 0 time=2 wait=5 global
1 1164576874 -5500 0 650 0 0 0 0 16 4 57 0 mz-m01-b-barrel1jumpactivate move 4 9.81 0 gravity time=1 wait=3 global reset
1 1164576874 -5500 0 450 0 0 0 0 16 4 52 0 mz-m01-b-barrel1jumpactivate move 4 19.62 0 gravity time=2 wait=5 global
1 1164576874 -5150 0 150 0 0 0 0 16 4 52 0 mz-m01-b-barrel1jumpactivate move 4 19.62 0 gravity time=2 wait=5 global
1 1164578797 -3250 6 350 0 0 0 3 0 0 0 216 000000000000000000000000000000000000000000000000000000000000000000000000000000000000000000000000000000000000000000000000000000000000000000000000000000b44200000000000000000000b44200000000000000000000000000000000000000000000000000000000000000000000a04000004040000000000000a0400000404000000000102700001027000001001027000000000000000000000000000000000000000000000000403f000000020d00000000000000000000000000007033323a6d33325f736674303300
1 1164578793 -3250 6 50 0 0 0 3 0 0 0 216 000000000000000000000000000000000000000000000000000000000000000000000000000000000000000000000000000000000000000000000000000000000000000000000000000000b44200000000000000000000b44200000000000000000000000000000000000000000000000000000000000000000000a04000004040000000000000a0400000404000000000102700001027000001001027000000000000000000000000000000000000000000000000403f000000020d00000000000000000000000000007033323a6d33325f736674303300
1 1164578793 -3100 0 50 0 0 0 0 16 0 0 0 mz-m01-b-barrel1
1 1164578801 -3100 0 350 0 0 0 0 16 0 0 0 mz-m01-b-barrel1
1 1164065933 -3100 0 -200 0 0 0 0 16 0 0 0 mz-m01-b-barrel1
1 1164065933 -3250 6 -200 0 0 0 3 0 0 0 216 000000000000000000000000000000000000000000000000000000000000000000000000000000000000000000000000000000000000000000000000000000000000000000000000000000b44200000000000000000000b44200000000000000000000000000000000000000000000000000000000000000000000a04000004040000000000000a0400000404000000000102700001027000001001027000000000000000000000000000000000000000000000000403f000000020d00000000000000000000000000007033323a6d33325f736674303300
1 1164232019 -4 175 40 3300 0 0 0 7 0 83 0 shark01create move 0 .4 0 time=3 reset loop smooth,rotate 0 10 0 time=2 wait=6 loop smooth