atdump version 4
0 N
1 N
2 Y
3 Y
4 Y
5 Y
6 Y
7 Y
8 Y
9 N
10 118
11 122
12 124
13 1
14 
15 1
17 1
18 1.000000
19 30000
20 
21 0
22 0.000000
23 0.000000
24 
25 0.000000
26 
27 0
28 0.000000
29 0.000000
30 
31 0.000000
32 
33 0
34 0.000000
35 0.000000
36 
37 0.000000
39 N
40 N
41 Y
42 1
43 1
44 N
45 Y
46 *
47 
49 118
50 Y
51 122
52 50
53 0
54 124
55 1.000000
56 ground
57 
58 
59 118
60 N
61 N
62 0
63 122
64 
65 124
66 
67 -0.800000
68 -0.500000
69 -0.200000
70 10
72 30
74 
76 objects.activeworlds.com/aw
77 10080
78 1
79 1
80 Y
81 0
83 
84 118
85 122
86 124
87 118
88 122
89 124
90 118
91 122
92 124
93 118
94 122
95 124
96 118
97 122
98 124
99 118
100 122
101 124
102 
103 
104 
105 *
106 1
107 1
108 0.000000
109 0.000000
110 0.000000
112 Untitled
113 
114 0
115 
116 
117 N
118 0
119 0.000000
120 
121 0
122 0
123 0.000000
124 0.000000
125 
126 N
127 120
128 0.000000
129 
130 N
131 
132 
133 N
134 N
135 N
136 N
137 1.000000
138 2.000000
139 N
140 0.000000
141 90.000000
142 Y
143 N
144 16777215
145 N
146 600
147 3600
148 1
149 N
150 N
151 move rotate