propdump version 4
1 1156789877 0 4000 0 0 0 0 0 15 20 52 0 mz-m01-i-mblimpWelcome to Speedway!create sign color=FF00FF bcolor=0,rotate 1,name=cam1
1 1156108816 0 0 0 1800 0 0 0 18 0 18 0 mz-b01-b-stadium2acreate visible off
1 1161910167 0 50 0 0 0 0 2 0 0 0 51 00008842000000400000a0420000010000803f000020410000ffffff000100c409000000000000000000000000000000000000
1 1155655060 0 2750 0 0 0 0 0 12 0 35 0 icn-lightsrccreate light radius=60, visible off
1 1153781389 0 0 4000 2700 0 0 0 21 0 0 0 mz-b01-b-rtrack-crv01
1 1155403548 0 0 4000 2700 0 0 0 22 0 0 0 mz-b01-b-rtrack-crv01a
0 1155655079 0 1000 4000 0 0 0 0 12 0 36 0 icn-soundsrccreate sound crowd1.wav, visible off
1 1155404111 0 0 4000 1800 0 0 0 21 0 0 0 mz-b01-b-rtrack-crv01
1 1155403546 0 0 4000 1800 0 0 0 22 0 0 0 mz-b01-b-rtrack-crv01a
1 1156800178 50 -205 4100 0 0 0 0 11 0 0 0 sv-evbuild1
1 1155453651 0 50 4000 0 0 0 2 0 0 0 51 0000884200000040000088420001020000803f000020410000ffffff000100c409000000000000000000000000000000000000
1 1156800614 901 795 -7053 2595 0 0 0 16 0 0 0 mz-p01-b-bridge1
1 1156800839 756 -5 -6155 2640 0 0 0 18 0 0 0 mz-p01-b-vhouse1-1
1 1155655051 0 1000 -4000 0 0 0 0 12 0 36 0 icn-soundsrccreate sound crowd1.wav, visible off
1 1155453651 0 50 -4000 0 0 0 2 0 0 0 51 0000884200000040000088420001020000803f000020410000ffffff000100c409000000000000000000000000000000000000
1 1155403507 0 0 -4000 0 0 0 0 22 0 0 0 mz-b01-b-rtrack-crv01a
1 1155403504 0 0 -4000 900 0 0 0 22 0 0 0 mz-b01-b-rtrack-crv01a
1 1153781394 0 0 -4000 0 0 0 0 21 0 0 0 mz-b01-b-rtrack-crv01
1 1153781392 0 0 -4000 900 0 0 0 21 0 0 0 mz-b01-b-rtrack-crv01
1 1161910067 0 -5 -750 0 0 0 2 0 0 0 51 0000484300004843000048430000000000803f0000803f4000ffffff000100c409000000000000000000000000000000000000
1 1245445486 1520 1495 1375 0 0 0 3 0 0 0 212 000000000000000000000000000000000000000000000000000000003f0000003f000000bf0000003f0000003f0000003f0000000000000000cdcc4c3e00000000cdcc4c3ecdcc4c3e000000000000000000000000000000000000000000000000000000000000000000000000000000000000000000000000000000400000004000000040000000410000004100000041f4010000e803000001007017000000000000c8000000b80b0000ffffff00ffffff000000803f00010000090000000000000000000000000000636f726f6e6131386100
1 1156800828 1250 -5 1600 0 0 0 0 16 0 0 0 mz-p01-b-vhouse1
1 1156800638 1189 795 -8621 2595 0 0 0 16 0 0 0 mz-p01-b-bridge1
1 1156800723 1045 795 -7837 2595 0 0 0 16 0 21 0 mz-p01-b-bridge1bump noise explod.wav
1 1156800839 1250 -5 -2950 2700 0 0 0 18 0 0 0 mz-p01-b-vhouse1-2
1 1156800828 1250 -5 -900 0 0 0 0 16 0 0 0 mz-p01-b-vhouse2
1 1155655067 2500 2750 6500 0 0 0 0 12 0 35 0 icn-lightsrccreate light radius=35, visible off
1 1155655019 2500 2750 -6500 0 0 0 0 12 0 35 0 icn-lightsrccreate light radius=35, visible off
1 1156800752 3800 -205 4100 0 0 0 0 11 0 23 0 sv-evbuild1bump noise explosi3.wav
1 1153926801 3160 2950 9880 2749 0 0 0 6 0 29 0 coronacreate corona c_star2 size=40
1 1153926799 3490 2950 9634 2749 0 0 0 6 0 29 0 coronacreate corona c_star2 size=40
1 1153926756 3186 2950 -9874 2749 0 0 0 6 0 29 0 coronacreate corona c_star2 size=40
1 1153926755 3502 2950 -9666 2749 0 0 0 6 0 29 0 coronacreate corona c_star2 size=40
1 1155403536 4000 0 1000 1800 0 0 0 22 0 0 0 mz-b01-b-rtrack-str01a
1 1153781417 4000 0 1000 1800 0 0 0 21 0 0 0 mz-b01-b-rtrack-str01
1 1155403538 4000 0 3000 1800 0 0 0 22 0 0 0 mz-b01-b-rtrack-str01a
1 1153781409 4000 0 3000 1800 0 0 0 21 0 0 0 mz-b01-b-rtrack-str01
1 1155403531 4000 0 -3000 1800 0 0 0 22 0 0 0 mz-b01-b-rtrack-str01a
1 1153781417 4000 0 -3000 1800 0 0 0 21 0 0 0 mz-b01-b-rtrack-str01
1 1155403533 4000 0 -1000 1800 0 0 0 22 0 0 0 mz-b01-b-rtrack-str01a
1 1153782754 4000 0 -1000 1800 0 0 0 21 0 0 0 mz-b01-b-rtrack-str01
1 1153926818 5638 2950 7518 2749 0 0 0 6 0 29 0 coronacreate corona c_star2 size=40
1 1153926820 5856 2950 7130 2749 0 0 0 6 0 29 0 coronacreate corona c_star2 size=40
1 1153926774 5868 2950 -7138 2749 0 0 0 6 0 29 0 coronacreate corona c_star2 size=40
1 1153926775 5640 2950 -7504 2749 0 0 0 6 0 29 0 coronacreate corona c_star2 size=40
1 1153926825 6650 2950 1800 1800 0 0 0 6 0 29 0 coronacreate corona c_star2 size=40
1 1153926825 6650 2950 2200 1800 0 0 0 6 0 29 0 coronacreate corona c_star2 size=40
1 1153926831 6600 2950 -2200 1800 0 0 0 6 0 29 0 coronacreate corona c_star2 size=40
1 1153926831 6600 2950 -1800 1800 0 0 0 6 0 29 0 coronacreate corona c_star2 size=40
1 1153926684 -6650 2950 1800 1800 0 0 0 6 0 29 0 coronacreate corona c_star2 size=40
1 1153926684 -6650 2950 2200 1800 0 0 0 6 0 29 0 coronacreate corona c_star2 size=40
1 1153926678 -6650 2950 -2200 1800 0 0 0 6 0 29 0 coronacreate corona c_star2 size=40
1 1153926678 -6650 2950 -1800 1800 0 0 0 6 0 29 0 coronacreate corona c_star2 size=40
1 1153926714 -5676 2950 7514 2749 0 0 0 6 0 29 0 coronacreate corona c_star2 size=40
1 1153926711 -5854 2950 7144 2749 0 0 0 6 0 29 0 coronacreate corona c_star2 size=40
1 1153926745 -5671 2950 -7511 2502 0 0 0 6 0 29 0 coronacreate corona c_star2 size=40
1 1153926740 -5879 2950 -7130 2502 0 0 0 6 0 29 0 coronacreate corona c_star2 size=40
1 1156801858 -4650 200 0 900 0 0 0 5 5 11 0 sign3STARTcreate sign
1 1154040456 -4000 0 1000 1800 0 0 0 21 0 0 0 mz-b01-b-rtrack-str01
1 1155404126 -4000 0 1000 1800 0 0 0 22 0 0 0 mz-b01-b-rtrack-str01a
1 1155412944 -4000 0 3000 1800 0 0 0 22 0 0 0 mz-b01-b-rtrack-str01a
1 1155412946 -4000 0 3000 1800 0 0 0 21 0 0 0 mz-b01-b-rtrack-str01
1 1156800245 -3700 -205 4100 0 0 0 0 11 0 0 0 sv-evbuild1
1 1153926696 -3172 2950 9880 2749 0 0 0 6 0 29 0 coronacreate corona c_star2 size=40
1 1153926695 -3538 2950 9676 2749 0 0 0 6 0 29 0 coronacreate corona c_star2 size=40
1 1153926731 -3521 2950 -9680 2502 0 0 0 6 0 29 0 coronacreate corona c_star2 size=40
1 1153926731 -3112 2950 -9881 2502 0 0 0 6 0 29 0 coronacreate corona c_star2 size=40
1 1155403866 -4000 0 -3000 1800 0 0 0 22 0 0 0 mz-b01-b-rtrack-str01a
1 1155447815 -4000 0 -3000 1800 0 0 0 21 0 0 0 mz-b01-b-rtrack-str01
1 1155412761 -4000 0 -1000 1800 0 0 0 21 0 0 0 mz-b01-b-rtrack-start
1 1155412750 -4000 0 -1000 1800 0 0 0 22 0 0 0 mz-b01-b-rtrack-str01a
1 1155655073 -2500 2750 6500 0 0 0 0 12 0 35 0 icn-lightsrccreate light radius=35, visible off
1 1155655010 -2500 2750 -6500 0 0 0 0 12 0 35 0 icn-lightsrccreate light radius=35, visible off
1 1156800818 -2200 -5 -4900 900 0 0 0 16 0 0 0 mz-p01-b-vhouse2
1 1156784638 -2314 0 -3194 3000 0 0 4 14 0 0 58 mz-a01-b-ccar30001f88de702f1ff3c001100000042ff9c3201f6326400000000000000000000000800080000000000717369746d616c65636172342e77617676
1 1157032775 -2392 0 -3467 3000 0 0 4 14 0 0 58 mz-a01-b-ccar40001f88de702f1ff3c001100000042ff9c4601f6326400000000000000000000000800080000000000717369746d616c65636172342e77617676
1 1156260371 -2600 -100 -3450 2550 0 0 0 22 0 48 0 ../avatars/yasmin1.rwxactivate teleport mion 59.71S 34.04W -14.49a 170
1 1157032749 -2980 0 -3231 3000 0 0 4 13 0 0 58 mz-a01-b-ccar0001f88de702f1ff3c001100000042ff9c4601f6326400000000000000000000000800080000000000717369746d616c65636172342e77617676
1 1156784654 -2903 0 -2880 3000 0 0 4 14 0 0 58 mz-a01-b-ccar40001f88de702f1ff3c001100000042ff9c3201f6326400000000000000000000000800080000000000717369746d616c65636172342e77617676
1 1156807856 -2261 0 -2866 3000 0 0 4 14 0 0 70 mz-a01-b-ccar10001f88dc10100001e00e2ff00000000002d0a0000c80000000000000000000000090013000000000071726163656361723273706565647761792d67702d3030312e77617600
1 1156807832 -2868 0 -2172 3000 0 0 4 14 0 0 70 mz-a01-b-ccar40001f80dc10100000a00e2ff00000000002a0a0000960000000000000000000000090013000000000071726163656361723273706565647761792d67702d3030312e77617600
1 1156784449 -2300 0 -2043 3000 0 0 4 13 0 0 70 mz-a01-b-ccar0001f88de10100000a00e2ff00000000001e0a0000640000000000000000000000090013000000000071726163656361723273706565647761792d67702d3030312e77617600
1 1156807838 -2293 0 -2430 3000 0 0 4 14 0 0 70 mz-a01-b-ccar20001f80dc10100000a00e2ff00000000002a0a0000960000000000000000000000090013000000000071726163656361723273706565647761792d67702d3030312e77617600
1 1156807849 -2904 0 -2535 3000 0 0 4 14 0 0 70 mz-a01-b-ccar20001f88dc10100000a00e2ff00000000002d0a0000c80000000000000000000000090013000000000071726163656361723273706565647761792d67702d3030312e77617600
1 1155523277 -2650 200 -2850 2700 0 0 0 5 21 11 0 sign3Fastest€Less Controlcreate sign
1 1153863799 -2650 200 -2350 2700 0 0 0 5 25 11 0 sign3Average Speed and Controlcreate sign
1 1156784483 -2869 0 -1315 3000 0 0 4 14 0 0 70 mz-a01-b-ccar10001f88de10100000a00e2ff00000000001e0a0000640000000000000000000000090013000000000071726163656361723273706565647761792d67702d3030312e77617600
1 1153927427 -2650 200 -1750 2700 0 0 0 5 24 11 0 sign3Slower with more controlcreate sign
1 1156784472 -2270 0 -1543 3000 0 0 4 13 0 0 70 mz-a01-b-ccar0001f88de10100000a00e2ff00000000001e0a0000640000000000000000000000090013000000000071726163656361723273706565647761792d67702d3030312e77617600
1 1156784392 -2893 0 -1715 3000 0 0 4 14 0 0 70 mz-a01-b-ccar30001f88de10100000a00e2ff00000000001e0a0000640000000000000000000000090013000000000071726163656361723273706565647761792d67702d3030312e77617600
1 1156800375 -1200 -5 -3400 900 0 0 0 16 0 0 0 mz-p01-b-vhouse3
1 1163620541 -1850 200 -3800 2700 0 0 0 2 0 128 0 sbcreate media url=http://www.bratz.com/miuchizobjects/sounds/mz_babyz_game_smx136_04.mp3 fx=3d radius=200 loop=99999, visible off
1 1156800311 -1200 -5 -2350 900 0 0 0 16 0 0 0 mz-p01-b-vhouse3
1 1156800311 -1200 -5 -1300 900 0 0 0 16 0 0 0 mz-p01-b-vhouse3
1 1156801043 -800 -5 750 0 0 0 0 15 0 0 0 mz-p01-p-tree04
1 1156800839 -450 -5 -5200 2700 0 0 0 18 0 0 0 mz-p01-b-vhouse1-1
1 1158009358 -930 1495 -3200 0 0 0 3 0 0 0 212 000000000000000000000000000000000000000000000000000000003f0000003f000000bf0000003f0000003f0000003f0000000000000000cdcc4c3e00000000cdcc4c3ecdcc4c3e000000000000000000000000000000000000000000000000000000000000000000000000000000000000000000000000000000400000004000000040000000410000004100000041f4010000e803000001007017000000000000c8000000b80b0000ffffff00ffffff000000803f00010000090000000000000000000000000000636f726f6e6131386100