propdump version 4
1 1008122971 250 6272 893 193 -28 -239 0 6 0 0 0 fence5
1 1014335075 683 6100 846 3514 -46 -176 0 6 0 0 0 fence5
1 1041638597 436 5911 1367 3450 0 0 0 6 0 25 0 pine10create sound !_dfa_01.wav
1 1022869425 88 5857 2070 243 0 0 0 8 0 32 0 grmaple1create corona flare1.jpg size=30
1 1007144725 136 3930 5465 1541 0 0 0 6 0 0 0 birch2
1 1041481760 392 4757 -4765 3514 9 -9 0 6 0 82 0 birch1create corona flare2 size=5, light color=cyan, visible off, rotate 3 1 3,solid off
1 1041481767 241 5757 -4434 3514 9 -9 0 6 0 85 0 birch1create corona flare1 size=14, light color=orange, visible off, rotate 1 3 3,solid off
1 1041481814 659 5157 -4522 3514 9 -9 0 6 0 105 0 birch1create corona flare3 size=11, light color=pink brightness=10 fx=fire, visible off, rotate 3 3 5,solid off
1 1041481810 90 5757 -4103 3514 9 -9 0 6 0 83 0 birch1create corona flare1 size=8, light color=white, visible off, rotate 3 3 3,solid off
1 1041638615 892 5811 -529 3000 0 0 0 6 0 25 0 pine10create sound !_dfa_01.wav
1 1008119650 1491 5879 458 467 -23 -115 0 6 0 0 0 fence5
1 1023148169 1147 5985 722 340 -16 -118 0 6 0 0 0 fence5
1 1008123118 1837 5777 124 421 -32 -125 0 6 0 0 0 fence5
1 1008352862 1205 5947 134 2164 45 0 0 6 0 16 0 birch1create solid off
1 1008119751 1737 5471 1108 882 55 47 0 8 0 16 0 grmaple1create solid off
1 1006996441 1971 3967 4085 664 0 0 0 5 0 0 0 rock1
1 1024341257 1407 5307 -12146 3514 9 -9 0 6 0 96 0 birch1create corona flare3 size=6, light color=orange fx=pulse, visible off, move 0 0 300 loop time=15
1 1041481763 1367 5307 -5528 3514 9 -9 0 6 0 93 0 birch1create corona flare4 size=7, light color=orange fx=pulse, visible off, rotate 2 3 3,solid off
1 1041481792 1012 5607 -4520 3514 9 -9 0 6 0 93 0 birch1create corona flare3 size=10, light color=purple fx=fire, visible off, rotate 3 3 5,solid off
1 1008123260 2500 5167 452 1464 27 58 0 8 0 16 0 grmaple1create solid off
1 1006996422 2515 3467 4213 1564 0 0 0 5 0 0 0 rock1
1 1009592781 2419 2835 5957 0 0 0 0 8 0 0 0 grmaple2
1 1027955410 2933 5257 -2072 2285 0 0 0 6 0 0 0 birch1
1 1008352795 2357 5462 -1337 2164 15 0 0 6 0 0 0 birch1
1 1008123292 2530 5602 -565 453 -26 -97 0 6 0 0 0 fence5
1 1008123215 2185 5682 -216 453 -26 -97 0 6 0 0 0 fence5
1 1008352698 3670 3917 1444 3066 -38 -46 0 8 0 0 0 grmaple1
1 1007571745 3037 3317 3724 1714 0 0 0 5 0 0 0 rock1
1 1009592802 3104 2950 4695 0 0 0 0 8 0 0 0 grmaple1
1 1009501148 3049 3966 -9972 1722 -38 -40 0 6 0 0 0 birch1
1 1028724429 3717 5272 -1345 37 57 -107 0 6 0 16 0 birch1create solid off
1 1041541140 -48389 50 3939 1350 0 0 0 4 0 0 0 oak8
1 1041627467 -48529 -700 11575 1350 0 0 0 8 0 25 0 b_riv400create sound !_dra_01.wav
1 1041627396 -48670 357 -4770 2100 -60 0 0 8 0 25 0 b_riv400create sound !_dra_01.wav
1 1041624435 -48248 -450 -1081 1350 0 0 0 7 0 0 0 bridge1
1 1041541152 -48389 -150 -91 1350 0 0 0 4 0 0 0 oak7
1 1041551763 -48424 -150 -56 1350 0 0 0 4 0 0 0 oak7
1 1041624680 -47850 -550 1000 1800 0 0 0 8 0 0 0 b_riv402
1 1041627374 -47805 650 -9250 2700 0 0 0 8 0 25 0 b_riv410create sound !_dra_01.wav
1 1041624435 -47257 -450 -2071 1350 0 0 0 7 0 0 0 bridge1
1 1041617682 -46298 -550 3080 300 0 0 0 4 0 0 0 mill
1 1041637046 -46467 500 -8252 3150 0 0 0 8 0 50 0 ylmaple2create rotate .1 0 0 loop time=2 wait=.3,solid off
1 1041627403 -46681 -61 -1325 2100 -60 0 0 8 0 25 0 b_riv400create sound !_dra_01.wav
1 1041627411 -45189 -375 1259 2100 -60 0 0 8 0 25 0 b_riv410create sound !_dra_01.wav
1 1041617687 -45381 -350 2868 300 0 0 0 9 0 21 0 millwheelcreate rotate 0 0 -05
1 1041627438 -45850 -550 5000 1800 0 0 0 8 0 25 0 b_riv400create sound !_dra_01.wav
1 1041627463 -45700 -700 8747 1350 0 0 0 8 0 25 0 b_riv400create sound !_dra_01.wav
1 1041627458 -45850 -550 8000 1800 0 0 0 8 0 25 0 b_riv410create sound !_dra_01.wav
1 1041627475 -45701 -700 14403 1350 0 0 0 8 0 25 0 b_riv400create sound !_dra_01.wav
1 1041613681 -45758 505 -10903 2400 0 0 0 4 0 0 0 oak8
1 1041627344 -45100 500 -8950 0 0 0 0 8 0 25 0 b_riv400create sound !_dra_04.wav
1 1042062825 -44975 650 -17917 2250 0 0 0 4 0 25 0 oak9create sound !_dfa_03.wav
1 1041624400 -44050 530 -14400 0 0 0 0 6 0 52 0 sound2create visible off, solid off; bump noise splash.wav
1 1041627434 -43850 -550 1000 1800 0 0 0 8 0 25 0 b_riv402create sound !_dra_01.wav
1 1041636598 -43921 700 -14050 3150 0 0 0 8 0 50 0 ylmaple2create rotate .1 0 0 loop time=2 wait=.3,solid off
1 1041609804 -42100 505 -32965 0 0 0 0 8 0 0 0 b_riv400
1 1041636617 -42950 725 -14867 2250 0 0 0 8 0 50 0 ylmaple3create rotate .1 0 0 loop time=2 wait=.3,solid off
1 1041636759 -42139 565 -13132 2670 0 0 0 5 0 52 0 fern8create solid off, rotate .05 0 0 loop time=3 wait=.4
1 1041617926 -42292 615 -12787 870 0 0 0 9 0 20 0 millwheelcreate rotate 0 0 -5
1 1041617926 -42614 465 -11903 870 0 0 0 4 0 0 0 mill
1 1041618049 -42314 825 -11414 690 0 0 0 5 0 0 0 vhay1
1 1041618043 -42211 825 -11637 840 0 0 0 5 0 0 0 vhay1
1 1041618043 -42211 925 -11637 840 0 0 0 5 0 0 0 vhay1
1 1041540421 -41900 -400 3500 0 60 150 0 6 0 0 0 grass1
1 1041627441 -41850 -550 5000 1800 0 0 0 8 0 25 0 b_riv400create sound !_dra_01.wav
1 1041627455 -41850 -550 8000 1800 0 0 0 8 0 25 0 b_riv410create sound !_dra_01.wav
1 1041609927 -41100 500 -32950 0 0 0 0 8 0 0 0 b_riv400
1 1041627518 -41100 500 -28950 0 0 0 0 8 0 25 0 b_riv400create sound !_dra_04.wav
1 1041627516 -41100 500 -24950 0 0 0 0 8 0 25 0 b_riv400create sound !_dra_04.wav
1 1041624354 -41100 535 -24400 0 0 0 0 6 0 52 0 sound2create visible off, solid off; bump noise splash.wav
1 1041627511 -41100 500 -20950 0 0 0 0 8 0 25 0 b_riv400create sound !_dra_04.wav
1 1041636778 -41171 515 -19102 3450 0 0 0 5 0 52 0 fern8create solid off, rotate .05 0 0 loop time=3 wait=.4
1 1041636671 -41028 515 -17511 3450 0 0 0 5 0 52 0 fern8create solid off, rotate .05 0 0 loop time=3 wait=.4
1 1041636681 -41146 560 -16300 3300 0 0 0 5 0 52 0 fern6create solid off, rotate .05 0 0 loop time=3 wait=.4
1 1041627507 -41100 500 -16950 0 0 0 0 8 0 25 0 b_riv400create sound !_dra_04.wav
1 1041636710 -41637 565 -15241 3570 0 0 0 5 0 52 0 fern8create solid off, rotate .05 0 0 loop time=3 wait=.4
1 1041636769 -41854 615 -14175 2820 0 0 0 5 0 52 0 fern8create solid off, rotate .05 0 0 loop time=3 wait=.4
1 1041637085 -41758 565 -14664 2670 0 0 0 6 0 0 0 wlily1
1 1041626050 -41807 100 -13568 900 0 0 0 7 0 0 0 bridge1
1 1041636966 -41860 565 -12717 2670 0 0 0 6 0 0 0 wlily1
1 1041627348 -41100 500 -12950 0 0 0 0 8 0 25 0 b_riv400create sound !_dra_04.wav
1 1041627328 -41100 500 -8950 0 0 0 0 8 0 25 0 b_riv400create sound !_dra_04.wav
1 1041540402 -40650 -100 3500 0 60 150 0 6 0 0 0 grass1
1 1041540315 -40650 -200 4450 2700 150 0 0 6 0 0 0 grass1
1 1041636684 -40967 515 -17056 3000 0 0 0 5 0 52 0 fern7create solid off, rotate .05 0 0 loop time=3 wait=.4
1 1041626043 -40257 100 -13573 900 0 0 0 7 0 0 0 bridge1
1 1041610318 -39239 545 -28189 2700 0 0 0 4 0 0 0 oak9
1 1041610313 -39239 545 -24839 2700 0 0 0 4 0 0 0 oak9
1 1041459301 -39239 545 -18139 2700 0 0 0 4 0 0 0 oak9
1 1041636811 -39673 560 -17906 1800 150 0 0 5 0 52 0 fern8create solid off, rotate .05 0 0 loop time=3 wait=.4
1 1041610448 -39302 615 -17152 2220 0 0 0 5 0 52 0 fern8create solid off, rotate .05 0 0 loop time=3 wait=.4
1 1041610372 -39673 515 -16606 1800 0 0 0 5 0 52 0 fern8create solid off, rotate .05 0 0 loop time=3 wait=.4
1 1041610424 -39488 515 -15726 2400 0 0 0 5 0 52 0 fern4create solid off, rotate .05 0 0 loop time=3 wait=.4
1 1041610400 -39523 560 -15406 1800 0 0 0 5 0 52 0 fern6create solid off, rotate .05 0 0 loop time=3 wait=.4
1 1041610388 -39673 515 -14806 1350 0 0 0 5 0 52 0 fern7create solid off, rotate .05 0 0 loop time=3 wait=.4
1 1041610356 -39673 515 -14206 1800 0 0 0 5 0 52 0 fern8create solid off, rotate .05 0 0 loop time=3 wait=.4
1 1041637001 -39634 565 -11248 2670 0 0 0 6 0 0 0 wlily1
1 1041637063 -39819 565 -11709 2220 0 0 0 6 0 0 0 wlily1
1 1041637075 -39948 565 -10823 2220 0 0 0 6 0 0 0 wlily1
1 1041539573 -39217 475 -8095 600 0 0 0 6 0 0 0 fence5
1 1041638134 -39561 1100 -3643 1800 0 0 0 4 0 25 0 oak8create sound !_dfa_04.wav
1 1041613630 -38168 505 -11011 600 0 0 0 5 0 0 0 vhay1
1 1041615490 -38020 485 -10868 600 0 0 0 5 0 0 0 vhay1
1 1041614949 -38151 440 -10031 600 0 0 0 6 0 0 0 vrock2
1 1161980218 -38128 470 -10083 870 0 0 0 6 0 38 0 vgate1activate rotate 0 7 0 time=1.6 wait=10
1 1041615620 -38003 600 -10985 1200 0 0 0 5 0 0 0 vhay1
1 1041608208 -38080 450 -9741 1500 0 0 0 5 0 52 0 fern4create solid off, rotate .05 0 0 loop time=3 wait=.4
1 1041538580 -38126 475 -9485 3300 0 0 0 6 0 0 0 fence1
1 1041540011 -38285 460 -9809 600 0 0 0 8 0 0 0 vdwall2a
1 1041360729 -38306 465 -8968 3300 0 0 0 10 0 16 0 grass1.rwxcreate solid off
1 1041360734 -38806 465 -8102 3300 0 0 0 10 0 16 0 grass1.rwxcreate solid off
1 1041360738 -38440 465 -6736 3300 0 0 0 10 0 16 0 grass1.rwxcreate solid off
1 1041615016 -37010 460 -12017 600 0 0 0 8 0 0 0 vdwall1a
1 1041615549 -37963 505 -11066 600 0 0 0 5 0 0 0 vhay1
1 1041615016 -37260 460 -11584 600 0 0 0 8 0 0 0 vdwall1a
1 1041613755 -37003 550 -11191 2400 0 0 0 5 0 52 0 fern2create solid off, rotate .05 0 0 loop time=3 wait=.4
1 1041613873 -37225 500 -11122 1650 0 0 0 5 0 52 0 fern3create solid off, rotate .05 0 0 loop time=3 wait=.4
1 1041615016 -37510 460 -11151 600 0 0 0 8 0 0 0 vdwall1a
1 1041615545 -37960 505 -11245 1800 0 0 0 6 0 0 0 vcart1
1 1041613870 -37378 500 -10643 1950 0 0 0 5 0 52 0 fern4create solid off, rotate .05 0 0 loop time=3 wait=.4
1 1041613869 -37360 500 -10473 2400 0 0 0 5 0 52 0 fern8create solid off, rotate .05 0 0 loop time=3 wait=.4
1 1041613762 -37297 555 -10783 2400 0 0 0 5 0 52 0 fern1create solid off, rotate .05 0 0 loop time=3 wait=.4
1 1041615246 -37687 500 -10437 2400 0 0 0 6 0 0 0 mush2a
1 1041615006 -37760 460 -10718 600 0 0 0 8 0 0 0 vdwall1a
1 1041614987 -37896 440 -10473 600 0 0 0 6 0 0 0 vrock2
1 1041615241 -37637 500 -10437 1955 -40 145 0 6 0 0 0 mush1a
1 1041608373 -37961 460 -9923 3475 74 -261 0 6 0 0 0 mush3a
1 1041608340 -37987 470 -9917 1800 0 0 0 6 0 0 0 mush3a
1 1041608414 -37617 460 -9365 600 0 0 0 5 0 0 0 vhay1
1 1041364621 -37693 475 -9235 3300 0 0 0 6 0 0 0 fence5
1 1041364545 -37260 475 -8985 3300 0 0 0 6 0 0 0 fence5
1 1041360746 -37440 465 -8468 3300 0 0 0 10 0 16 0 grass1.rwxcreate solid off
1 1041360751 -37074 465 -7102 3300 0 0 0 10 0 16 0 grass1.rwxcreate solid off
1 1041360741 -37940 465 -7602 3300 0 0 0 10 0 16 0 grass1.rwxcreate solid off
1 1041360754 -37574 465 -6236 3300 0 0 0 10 0 16 0 grass1.rwxcreate solid off
1 1041459100 -37075 1200 -1930 1350 0 0 0 4 0 0 0 oak6
1 1161979282 -36500 100 -15500 0 0 0 0 7 0 18 0 boxcagecreate visible off
1 1161979377 -36500 100 -15500 0 0 0 0 7 0 18 0 boxcagecreate visible off
1 1161979298 -36500 100 -14500 0 0 0 0 7 0 18 0 boxcagecreate visible off
1 1041625992 -36370 455 -13125 600 0 0 0 6 0 0 0 vrock2
1 1041635050 -36125 535 -13046 2550 0 0 0 8 0 0 0 lamppost
1 1041635050 -36078 810 -13241 2550 0 0 0 5 0 0 0 lamp2
1 1161979298 -36500 100 -13500 0 0 0 0 7 0 18 0 boxcagecreate visible off
1 1161979299 -36500 100 -12500 0 0 0 0 7 0 18 0 boxcagecreate visible off
1 1041625984 -36760 460 -12450 2400 0 0 0 8 0 0 0 vdwall2a
1 1041625990 -36510 460 -12883 600 0 0 0 8 0 0 0 vdwall2a
1 1161979299 -36500 100 -11500 0 0 0 0 7 0 18 0 boxcagecreate visible off
1 1041537876 -36350 450 -10450 900 0 0 0 5 0 52 0 fern8create solid off, rotate .05 0 0 loop time=3 wait=.4
1 1041537879 -36173 450 -10706 2250 0 0 0 5 0 52 0 fern8create solid off, rotate .05 0 0 loop time=3 wait=.4
1 1041537885 -36045 450 -10837 1800 0 0 0 5 0 52 0 fern7create solid off, rotate .05 0 0 loop time=3 wait=.4
1 1161979300 -36500 100 -10500 0 0 0 0 7 0 18 0 boxcagecreate visible off
1 1161979300 -36500 100 -9500 0 0 0 0 7 0 18 0 boxcagecreate visible off
1 1161979301 -36500 100 -8500 0 0 0 0 7 0 18 0 boxcagecreate visible off
1 1041364548 -36394 475 -8485 3300 0 0 0 6 0 0 0 fence5
1 1041364547 -36827 475 -8735 3300 0 0 0 6 0 0 0 fence5
1 1041360748 -36574 465 -7968 3300 0 0 0 10 0 16 0 grass1.rwxcreate solid off
1 1161979301 -36500 100 -7500 0 0 0 0 7 0 18 0 boxcagecreate visible off
1 1041360763 -36208 465 -6602 3300 0 0 0 10 0 16 0 grass1.rwxcreate solid off
1 1161979302 -36500 100 -6500 0 0 0 0 7 0 18 0 boxcagecreate visible off
1 1041360759 -36708 465 -5736 3300 0 0 0 10 0 16 0 grass1.rwxcreate solid off
1 1161979306 -36500 100 -5500 0 0 0 0 7 0 18 0 boxcagecreate visible off
1 1041360708 -36342 465 -4370 3300 0 0 0 10 0 0 0 grass1.rwx
1 1161979307 -36500 100 -4500 0 0 0 0 7 0 18 0 boxcagecreate visible off
1 1041615151 -35274 700 -18505 0 0 0 0 4 0 0 0 oak7
1 1161979376 -35500 100 -15500 0 0 0 0 7 0 18 0 boxcagecreate visible off
1 1161979438 -35950 450 -14250 2700 0 0 0 8 0 0 0 vdwall1a
1 1161979437 -35950 450 -14750 2700 0 0 0 8 0 0 0 vdwall1a
1 1161979896 -35700 450 -14965 0 0 0 0 8 0 0 0 vdwall1a
1 1161979926 -35200 450 -14965 0 0 0 0 8 0 0 0 vdwall1a
1 1161979438 -35950 450 -13750 2700 0 0 0 8 0 0 0 vdwall1a
1 1161979438 -35950 450 -13250 2700 0 0 0 8 0 0 0 vdwall1a
1 1161979439 -35950 450 -12250 2700 0 0 0 8 0 0 0 vdwall1a
1 1161979438 -35950 450 -12750 2700 0 0 0 8 0 0 0 vdwall1a
1 1161979439 -35950 450 -11750 2700 0 0 0 8 0 0 0 vdwall1a
1 1161979439 -35950 450 -11250 2700 0 0 0 8 0 0 0 vdwall1a
1 1041537873 -35572 450 -10034 2250 0 0 0 5 0 52 0 fern7create solid off, rotate .05 0 0 loop time=3 wait=.4
1 1161979439 -35950 450 -10250 2700 0 0 0 8 0 0 0 vdwall1a
1 1041537854 -36000 450 -10650 900 0 0 0 5 0 52 0 fern8create solid off, rotate .05 0 0 loop time=3 wait=.4
1 1161979439 -35950 450 -10750 2700 0 0 0 8 0 0 0 vdwall1a
1 1161979440 -35950 450 -9250 2700 0 0 0 8 0 0 0 vdwall1a
1 1161979440 -35950 450 -9750 2700 0 0 0 8 0 0 0 vdwall1a
1 1161980294 -35434 415 -8047 600 0 0 0 5 0 0 0 vhay1
1 1161980169 -35940 400 -8200 2700 0 0 0 6 0 0 0 vrock2
1 1041364549 -35961 475 -8235 3300 0 0 0 6 0 0 0 fence5
1 1161979440 -35950 450 -8250 2700 0 0 0 8 0 0 0 vdwall1a
1 1162069548 -35783 525 -8130 3300 0 0 0 8 0 18 0 animate8create visible off
1 1161979440 -35950 450 -8750 2700 0 0 0 8 0 0 0 vdwall1a
1 1162069548 -35095 525 -7735 3300 0 0 0 8 0 18 0 animate8create visible off
1 1041360766 -35708 465 -7468 3300 0 0 0 10 0 16 0 grass1.rwxcreate solid off
1 1161979451 -35950 450 -7250 2700 0 0 0 8 0 0 0 vdwall1a
1 1161980340 -35425 440 -7887 915 0 0 0 5 0 0 0 vhay1
1 1161980314 -35377 490 -7988 915 0 0 0 5 0 0 0 vhay1
1 1161980263 -35095 475 -7735 3300 0 0 0 6 0 0 0 fence5
1 1161979442 -35950 450 -7750 2700 0 0 0 8 0 0 0 vdwall1a
1 1041364550 -35528 475 -7985 3300 0 0 0 6 0 0 0 fence5
1 1161980290 -35304 415 -7972 600 0 0 0 5 0 0 0 vhay1
1 1161979451 -35950 450 -6750 2700 0 0 0 8 0 0 0 vdwall1a
1 1041360779 -35342 465 -6102 3300 0 0 0 10 0 16 0 grass1.rwxcreate solid off
1 1161979451 -35950 450 -6250 2700 0 0 0 8 0 0 0 vdwall1a
1 1161979454 -35950 450 -5250 2700 0 0 0 8 0 0 0 vdwall1a
1 1161979452 -35950 450 -5750 2700 0 0 0 8 0 0 0 vdwall1a
1 1041360782 -35842 465 -5236 3300 0 0 0 10 0 16 0 grass1.rwxcreate solid off
1 1161979494 -35250 500 -5050 0 0 0 0 6 0 0 0 fence5
1 1161979493 -35750 500 -5050 0 0 0 0 6 0 0 0 fence5
1 1161979321 -35500 100 -4500 0 0 0 0 7 0 18 0 boxcagecreate visible off
1 1041627740 -34235 710 -16824 600 0 0 0 8 0 38 0 soundsrccreate sound !_dfa_02.wav, visible off
1 1161979375 -34500 100 -15500 0 0 0 0 7 0 18 0 boxcagecreate visible off
1 1161979926 -34700 450 -14965 0 0 0 0 8 0 0 0 vdwall1a
1 1161979926 -34200 450 -14965 0 0 0 0 8 0 0 0 vdwall1a
1 1041537903 -34198 450 -12318 2850 0 0 0 5 0 52 0 fern8create solid off, rotate .05 0 0 loop time=3 wait=.4
1 1041537932 -34346 450 -12733 2100 0 0 0 5 0 52 0 fern6create solid off, rotate .05 0 0 loop time=3 wait=.4
1 1041537922 -34111 450 -12540 2400 0 0 0 5 0 52 0 fern4create solid off, rotate .05 0 0 loop time=3 wait=.4
1 1161981050 -34239 505 -11089 2250 0 0 0 4 0 0 0 oak9
1 1161961725 -34040 795 -10025 0 0 0 0 4 0 78 0 cos3create rotate 10 10 10, corona flare1 size=20, light color=blue fx=fire time=5
1 1161961577 -34165 500 -10091 900 0 0 0 11 0 46 0 woodsignbigcreate sign "PAWZTAG" bcolor=gold color=yellow
1 1161981041 -34339 505 -9639 2700 0 0 0 4 0 0 0 oak9
1 1041364554 -34229 475 -7235 3300 0 0 0 6 0 0 0 fence5
1 1162069548 -34406 525 -7335 3300 0 0 0 8 0 18 0 animate8create visible off
1 1041364553 -34662 475 -7485 3300 0 0 0 6 0 0 0 fence5
1 1041360770 -34842 465 -6968 3300 0 0 0 10 0 16 0 grass1.rwxcreate solid off
1 1161979494 -34750 500 -5050 0 0 0 0 6 0 0 0 fence5
1 1161979494 -34250 500 -5050 0 0 0 0 6 0 0 0 fence5
1 1041360776 -34476 465 -5602 3300 0 0 0 10 0 16 0 grass1.rwxcreate solid off
1 1161979322 -34500 100 -4500 0 0 0 0 7 0 18 0 boxcagecreate visible off
1 1041360786 -34976 465 -4736 3300 0 0 0 10 0 16 0 grass1.rwxcreate solid off
1 1041360842 -34110 465 -4236 3300 0 0 0 10 0 16 0 grass1.rwxcreate solid off
1 1041360842 -34610 465 -3370 3300 0 0 0 10 0 16 0 grass1.rwxcreate solid off
1 1041452400 -34517 465 -3432 3300 0 0 0 10 0 16 0 grass1.rwxcreate solid off
1 1161979374 -33500 100 -15500 0 0 0 0 7 0 18 0 boxcagecreate visible off
1 1161979927 -33700 450 -14965 0 0 0 0 8 0 0 0 vdwall1a
1 1161979927 -33200 450 -14965 0 0 0 0 8 0 0 0 vdwall1a
1 1041636471 -33951 450 -13909 3150 0 0 0 8 0 50 0 grmaple1create rotate .1 0 0 loop time=2 wait=.3,solid off
1 1041620823 -33644 495 -8643 3300 0 0 0 6 0 0 0 mush2a
1 1041539682 -33780 495 -8607 3300 0 0 0 6 0 0 0 mush1a
1 1041360772 -33976 465 -6468 3300 0 0 0 10 0 16 0 grass1.rwxcreate solid off
1 1162069548 -33718 525 -6940 3300 0 0 0 8 0 18 0 animate8create visible off
1 1041364562 -33796 475 -6985 3300 0 0 0 6 0 0 0 fence5
1 1162069548 -33053 525 -6555 3300 0 0 0 8 0 18 0 animate8create visible off
1 1041364563 -33363 475 -6735 3300 0 0 0 6 0 0 0 fence5
1 1041360842 -33110 465 -5968 3300 0 0 0 10 0 16 0 grass1.rwxcreate solid off
1 1161979494 -33250 500 -5050 0 0 0 0 6 0 0 0 fence5
1 1041360842 -33610 465 -5102 3300 0 0 0 10 0 16 0 grass1.rwxcreate solid off
1 1161979494 -33750 500 -5050 0 0 0 0 6 0 0 0 fence5
1 1161979322 -33500 100 -4500 0 0 0 0 7 0 18 0 boxcagecreate visible off
1 1041360843 -33244 465 -3736 3300 0 0 0 10 0 16 0 grass1.rwxcreate solid off
1 1041360843 -33744 465 -2870 3300 0 0 0 10 0 16 0 grass1.rwxcreate solid off
1 1041360120 -32381 4495 -29432 3300 0 0 0 4 0 0 0 oak9
1 1041359637 -32774 645 -19655 0 0 0 0 4 0 0 0 oak9
1 1161979374 -32500 100 -15500 0 0 0 0 7 0 18 0 boxcagecreate visible off
1 1161979927 -32200 450 -14965 0 0 0 0 8 0 0 0 vdwall1a
1 1161979927 -32700 450 -14965 0 0 0 0 8 0 0 0 vdwall1a
1 1041455192 -32552 450 -13919 3450 0 0 0 4 0 0 0 oak9
1 1041537906 -32784 450 -13803 3150 0 0 0 5 0 52 0 fern9create solid off, rotate .05 0 0 loop time=3 wait=.4
1 1162069554 -32254 465 -6593 2700 0 0 0 4 0 0 0 oak9
1 1041364565 -32497 475 -6235 3300 0 0 0 6 0 0 0 fence5
1 1041364564 -32930 475 -6485 3300 0 0 0 6 0 0 0 fence5
1 1162069548 -32365 525 -6160 3300 0 0 0 8 0 18 0 animate8create visible off
1 1161979495 -32250 500 -5050 0 0 0 0 6 0 0 0 fence5
1 1161979494 -32750 500 -5050 0 0 0 0 6 0 0 0 fence5
1 1041364566 -32064 475 -5985 3300 0 0 0 6 0 0 0 fence5
1 1041360843 -32244 465 -5468 3300 0 0 0 10 0 16 0 grass1.rwxcreate solid off
1 1161979323 -32500 100 -4500 0 0 0 0 7 0 18 0 boxcagecreate visible off
1 1041360843 -32744 465 -4602 3300 0 0 0 10 0 16 0 grass1.rwxcreate solid off
1 1041360846 -32378 465 -3236 3300 0 0 0 10 0 16 0 grass1.rwxcreate solid off
1 1041360846 -32878 465 -2370 3300 0 0 0 10 0 16 0 grass1.rwxcreate solid off
1 1161979374 -31500 100 -15500 0 0 0 0 7 0 18 0 boxcagecreate visible off
1 1041636447 -31402 605 -15944 0 0 0 0 8 0 50 0 grmaple3create rotate .1 0 0 loop time=2 wait=.3,solid off
1 1161979964 -31700 450 -14965 0 0 0 0 8 0 0 0 vdwall1a
1 1161979967 -31200 450 -14965 0 0 0 0 8 0 0 0 vdwall1a
1 1041634774 -31829 100 -13980 3150 0 0 0 12 0 0 0 rocksta2.rwx
1 1041632741 -31002 760 -12940 3555 0 0 0 4 0 80 0 cos3create rotate 10 10 10, corona flare1 size=20, light color=orange fx=fire time=5
1 1041628222 -31062 170 -9779 1050 0 0 0 8 0 25 0 soundsrccreate sound ambient1.wav
1 1162258153 -31041 425 -7240 1800 0 0 0 11 0 46 0 woodsignbigcreate sign "PAWZTAG" bcolor=gold color=yellow
1 1041360249 -31300 415 -7015 3150 0 0 0 4 0 0 0 oak7
1 1041360255 -31380 415 -7163 3300 0 0 0 6 0 0 0 mush1a
1 1041360255 -31312 420 -7182 3300 0 0 0 6 0 0 0 mush2a
1 1041364568 -31198 475 -5485 3300 0 0 0 6 0 0 0 fence5
1 1161979495 -31250 500 -5050 0 0 0 0 6 0 0 0 fence5
1 1041364567 -31631 475 -5735 3300 0 0 0 6 0 0 0 fence5
1 1161979495 -31750 500 -5050 0 0 0 0 6 0 0 0 fence5
1 1162069548 -31676 525 -5760 3300 0 0 0 8 0 18 0 animate8create visible off
1 1041360846 -31878 465 -4102 3300 0 0 0 10 0 16 0 grass1.rwxcreate solid off
1 1041360846 -31378 465 -4968 3300 0 0 0 10 0 16 0 grass1.rwxcreate solid off
1 1161979323 -31500 100 -4500 0 0 0 0 7 0 18 0 boxcagecreate visible off
1 1041360080 -30006 5145 -33545 3300 0 0 0 4 0 0 0 oak9
1 1041636450 -30574 700 -18455 0 0 0 0 8 0 50 0 grmaple2create rotate .1 0 0 loop time=2 wait=.3,solid off
1 1161979373 -30500 100 -15500 0 0 0 0 7 0 18 0 boxcagecreate visible off
1 1161979975 -30200 450 -14965 0 0 0 0 8 0 0 0 vdwall1a
1 1161979969 -30700 450 -14965 0 0 0 0 8 0 0 0 vdwall1a
1 1041636442 -30102 495 -13944 0 0 0 0 8 0 50 0 grmaple2create rotate .1 0 0 loop time=2 wait=.3,solid off
1 1162258173 -30917 465 -13059 3555 0 0 0 11 0 46 0 woodsignbigcreate sign "PAWZTAG" bcolor=gold color=yellow
1 1162266852 -30970 600 -9777 0 0 0 2 0 0 0 51 0000484300007042000048430000000000003f0000803f4000d5cfe9006400c800000000000000000000000000000000000000
1 1048273205 -30694 15110 -8299 1200 0 0 0 7 0 0 0 1ring3b
1 1048273225 -30915 15160 -8417 300 0 0 0 7 0 25 0 1ring3bcreate light, visible off
1 1161961706 -30970 775 -7370 900 0 0 0 4 0 77 0 cos3create rotate 10 10 10, corona flare1 size=12, light color=red fx=fire time=5
1 1041360282 -30100 490 -7100 0 0 0 0 6 0 0 0 mush1a
1 1161979495 -30750 500 -5050 0 0 0 0 6 0 0 0 fence5
1 1161979495 -30250 500 -5050 0 0 0 0 6 0 0 0 fence5
1 1162069548 -30988 525 -5365 3300 0 0 0 8 0 18 0 animate8create visible off
1 1162079275 -30765 475 -5235 3300 0 0 0 6 0 0 0 fence5
1 1161979324 -30500 100 -4500 0 0 0 0 7 0 18 0 boxcagecreate visible off
1 1162069548 -30305 525 -4957 3300 0 0 0 8 0 18 0 animate8create visible off
1 1041359964 -29683 2200 -24006 3300 0 0 0 4 0 0 0 oak7
1 1041359948 -29618 1050 -18673 3300 0 0 0 4 0 0 0 oak9
1 1161979373 -29500 100 -15500 0 0 0 0 7 0 18 0 boxcagecreate visible off
1 1161979997 -29200 450 -14965 0 0 0 0 8 0 0 0 vdwall1a
1 1161979994 -29700 450 -14965 0 0 0 0 8 0 0 0 vdwall1a
1 1161980138 -29767 100 -12579 1650 0 0 0 12 0 0 0 rocksta2.rwx
1 1041360266 -29900 500 -7050 3450 0 0 0 4 0 0 0 oak7
1 1041360282 -30000 495 -7200 0 0 0 0 6 0 0 0 mush2a
1 1041360292 -29950 495 -7150 0 0 0 0 6 0 0 0 mush3a
1 1161979496 -29750 500 -5050 0 0 0 0 6 0 0 0 fence5
1 1161979496 -29250 500 -5050 0 0 0 0 6 0 0 0 fence5
1 1161979324 -29500 100 -4500 0 0 0 0 7 0 18 0 boxcagecreate visible off
1 1041360101 -28498 5095 -35157 3300 0 0 0 4 0 0 0 oak9
1 1041359980 -28812 2945 -27313 3300 0 0 0 4 0 0 0 oak9
1 1161979372 -28500 100 -15500 0 0 0 0 7 0 18 0 boxcagecreate visible off
1 1161980104 -28902 450 -14844 0 0 0 0 8 0 50 0 grmaple2create rotate .1 0 0 loop time=2 wait=.3,solid off
1 1161979999 -28700 450 -14965 0 0 0 0 8 0 0 0 vdwall1a
1 1161980003 -28200 450 -14965 0 0 0 0 8 0 0 0 vdwall1a
1 1055531512 -28952 450 -12637 2850 0 0 0 5 0 52 0 fern8create solid off, rotate .05 0 0 loop time=3 wait=.4
1 1055531553 -28895 100 -12106 3150 0 0 0 12 0 0 0 rocksta2.rwx
1 1055531471 -28654 400 -11834 2400 0 0 0 5 0 0 0 oak10
1 1161961949 -28633 250 -10788 2400 0 0 0 12 0 0 0 rocksta2.rwx
1 1041636422 -28750 570 -7050 0 0 0 0 8 0 50 0 ylmaple3create rotate .1 0 0 loop time=2 wait=.3,solid off
1 1161979496 -28750 500 -5050 0 0 0 0 6 0 0 0 fence5
1 1161979496 -28250 500 -5050 0 0 0 0 6 0 0 0 fence5
1 1161979325 -28500 100 -4500 0 0 0 0 7 0 18 0 boxcagecreate visible off
1 1161979372 -27500 100 -15500 0 0 0 0 7 0 18 0 boxcagecreate visible off
1 1161980009 -27200 450 -14965 0 0 0 0 8 0 0 0 vdwall1a
1 1161980007 -27700 450 -14965 0 0 0 0 8 0 0 0 vdwall1a
1 1041455257 -27269 450 -13552 3150 0 0 0 4 0 0 0 oak9
1 1161961691 -27935 795 -9991 1800 0 0 0 4 0 79 0 cos3create rotate 10 10 10, corona flare1 size=20, light color=green fx=fire time=5
1 1161961511 -27790 480 -9985 2700 0 0 0 11 0 46 0 woodsignbigcreate sign "PAWZTAG" bcolor=gold color=yellow
1 1161980436 -27929 350 -8500 1050 0 0 0 4 0 0 0 oak7
1 1041636431 -27200 450 -7050 0 0 0 0 8 0 50 0 ylmaple1create rotate .1 0 0 loop time=2 wait=.3,solid off
1 1041636426 -28000 460 -7150 0 0 0 0 8 0 50 0 ylmaple2create rotate .1 0 0 loop time=2 wait=.3,solid off
1 1161979500 -27250 500 -5050 0 0 0 0 6 0 0 0 fence5
1 1161979496 -27750 500 -5050 0 0 0 0 6 0 0 0 fence5
1 1161979325 -27500 100 -4500 0 0 0 0 7 0 18 0 boxcagecreate visible off
1 1041364431 -26973 2200 159 1800 0 0 0 4 0 0 0 oak7
1 1041360095 -26147 4895 -32530 3300 0 0 0 4 0 0 0 oak9
1 1041359966 -26899 1995 -23726 3300 0 0 0 4 0 0 0 oak9
1 1041452251 -26996 1095 -18029 2850 0 0 0 4 0 0 0 oak9
1 1161979371 -26500 100 -15500 0 0 0 0 7 0 18 0 boxcagecreate visible off
1 1161980016 -26700 450 -14965 0 0 0 0 8 0 0 0 vdwall1a
1 1161980017 -26200 450 -14965 0 0 0 0 8 0 0 0 vdwall1a
1 1161980400 -26471 350 -10269 1650 0 0 0 5 0 0 0 oak10
1 1041539306 -26050 1165 -5100 0 0 0 0 5 0 0 0 pine3
1 1161979501 -26750 500 -5050 0 0 0 0 6 0 0 0 fence5
1 1161979581 -26250 500 -5050 0 0 0 0 6 0 0 0 fence5
1 1161979326 -26500 100 -4500 0 0 0 0 7 0 18 0 boxcagecreate visible off
1 1161979812 -25683 820 -16845 1350 0 0 0 8 0 50 0 ylmaple1create rotate .1 0 0 loop time=2 wait=.3,solid off
1 1161979358 -25500 100 -15500 0 0 0 0 7 0 18 0 boxcagecreate visible off
1 1161979930 -25200 450 -14965 0 0 -150 0 8 0 0 0 vdwall1a
1 1041456955 -25477 640 -14434 3300 0 0 0 4 0 40 0 oak5create rotate .1 0 0 loop time=2 wait=.3
1 1161980080 -26000 450 -14850 900 0 0 0 8 0 0 0 vdwall1a
1 1161980088 -26000 450 -14600 900 0 0 0 6 0 0 0 vrock2
1 1161979646 -26000 500 -14300 900 0 0 0 6 0 0 0 fence5
1 1161979356 -25500 100 -14500 0 0 0 0 7 0 18 0 boxcagecreate visible off
1 1161979645 -26000 500 -13300 900 0 0 0 6 0 0 0 fence5
1 1161979646 -26000 500 -13800 900 0 0 0 6 0 0 0 fence5
1 1161979356 -25500 100 -13500 0 0 0 0 7 0 18 0 boxcagecreate visible off
1 1041451316 -25200 750 -12750 0 0 0 0 4 0 0 0 oak8
1 1161979355 -25500 100 -12500 0 0 0 0 7 0 18 0 boxcagecreate visible off
1 1161979645 -26000 500 -12300 900 0 0 0 6 0 0 0 fence5
1 1161979645 -26000 500 -12800 900 0 0 0 6 0 0 0 fence5
1 1161979645 -26000 500 -11800 900 0 0 0 6 0 0 0 fence5
1 1161979355 -25500 100 -11500 0 0 0 0 7 0 18 0 boxcagecreate visible off
1 1161979644 -26000 500 -11300 900 0 0 0 6 0 0 0 fence5
1 1161979354 -25500 100 -10500 0 0 0 0 7 0 18 0 boxcagecreate visible off
1 1161979644 -26000 500 -10300 900 0 0 0 6 0 0 0 fence5
1 1161979644 -26000 500 -10800 900 0 0 0 6 0 0 0 fence5
1 1161979644 -26000 500 -9300 900 0 0 0 6 0 0 0 fence5
1 1161979354 -25500 100 -9500 0 0 0 0 7 0 18 0 boxcagecreate visible off
1 1161979644 -26000 500 -9800 900 0 0 0 6 0 0 0 fence5
1 1041627800 -25250 555 -8550 0 0 0 0 5 0 25 0 oak10create sound !_dfa_04.wav
1 1161979643 -26000 500 -8300 900 0 0 0 6 0 0 0 fence5
1 1161979353 -25500 100 -8500 0 0 0 0 7 0 18 0 boxcagecreate visible off
1 1161979644 -26000 500 -8800 900 0 0 0 6 0 0 0 fence5
1 1161979643 -26000 500 -7800 900 0 0 0 6 0 0 0 fence5
1 1161979353 -25500 100 -7500 0 0 0 0 7 0 18 0 boxcagecreate visible off
1 1161979643 -26000 500 -7300 900 0 0 0 6 0 0 0 fence5
1 1161979643 -26000 500 -6800 900 0 0 0 6 0 0 0 fence5
1 1161979352 -25500 100 -6500 0 0 0 0 7 0 18 0 boxcagecreate visible off
1 1041451430 -25400 1015 -6150 0 0 0 0 5 0 0 0 pine7
1 1161979643 -26000 500 -6300 900 0 0 0 6 0 0 0 fence5
1 1161979642 -26000 500 -5300 900 0 0 0 6 0 0 0 fence5
1 1161979351 -25500 100 -5500 0 0 0 0 7 0 18 0 boxcagecreate visible off
1 1161979642 -26000 500 -5800 900 0 0 0 6 0 0 0 fence5
1 1161979329 -25500 100 -4500 0 0 0 0 7 0 18 0 boxcagecreate visible off
1 1041638288 -25630 2665 -237 1500 0 0 0 4 0 25 0 oak7create sound !_dfa_03.wav
1 1041636377 -24552 945 -16845 1350 0 0 0 8 0 50 0 ylmaple2create rotate .1 0 0 loop time=2 wait=.3,solid off
1 1041636380 -24587 885 -15749 1350 0 0 0 8 0 50 0 ylmaple3create rotate .1 0 0 loop time=2 wait=.3,solid off
1 1161979931 -24200 450 -14965 0 0 -150 0 8 0 0 0 vdwall1a
1 1161979930 -24700 450 -14965 0 0 -150 0 8 0 0 0 vdwall1a
1 1041364427 -24882 2500 -1133 1050 0 0 0 4 0 0 0 oak9
1 1041620306 -23774 1150 -14936 1350 0 0 0 8 0 50 0 ylmaple4create rotate .1 0 0 loop time=2 wait=.3,solid off
1 1161979933 -23700 450 -14965 0 0 -150 0 8 0 0 0 vdwall1a
1 1041539204 -23575 750 -9969 2400 0 0 0 8 0 51 0 ylmaple2create rotate .1 0 0 loop time=2 wait=.3, solid off
1 1041537213 -23015 1295 -8255 900 0 210 0 6 0 0 0 fence5
1 1041537051 -23015 1205 -7755 900 0 0 0 6 0 0 0 fence5
1 1041637710 -23182 1185 -7623 2849 -26 -15 0 5 0 0 0 vhay1
1 1041637728 -23282 1180 -7803 2549 -30 0 0 5 0 0 0 vhay1
1 1041537282 -23452 1185 -7601 3149 -15 -26 0 6 0 0 0 vcart1
1 1041537166 -23015 1205 -7255 900 0 0 0 6 0 0 0 fence1
1 1041537152 -23015 1205 -6255 900 0 0 0 6 0 0 0 fence1
1 1041537224 -23015 1205 -5755 900 0 0 0 6 0 0 0 fence1
1 1041620310 -22306 1415 -13976 2850 0 0 0 8 0 50 0 ylmaple4create rotate .1 0 0 loop time=2 wait=.3,solid off
1 1041541062 -22008 1220 -12865 2850 0 0 0 8 0 40 0 ylmaple3create rotate .1 0 0 loop time=2 wait=.3
1 1041456890 -22587 1150 -11934 2850 0 0 0 8 0 40 0 ylmaple2create rotate .1 0 0 loop time=2 wait=.3
1 1041637900 -22560 1200 -8134 3585 0 0 0 7 0 0 0 hgardr1
1 1041624499 -22526 1150 -8502 0 0 0 0 7 0 0 0 hrock1a
1 1041637893 -22116 1200 -7962 2700 0 0 0 7 0 0 0 hgardr1
1 1041637893 -22411 1200 -7962 2700 0 0 0 7 0 0 0 hgardr1
1 1073067814 -22026 2020 -7027 900 0 0 0 6 0 36 0 smoke2create animate mask me smoke 4 4 300
1 1041625243 -22451 1200 -7012 900 0 0 0 7 44 0 0 hhole1aOoh, Bagend!  :) Wonder if Mr. Bilbo is home
1 1041542953 -22411 1200 -6212 2700 0 0 0 7 0 0 0 hgardr1
1 1041542978 -22560 1200 -6033 3585 0 0 0 7 0 0 0 hgardr1
1 1041542937 -22116 1200 -6212 2700 0 0 0 7 0 0 0 hgardr1
1 1041535760 -22526 1150 -5502 2700 0 0 0 7 0 0 0 hrock1a
1 1041636319 -21607 1150 -11368 2850 0 0 0 8 0 50 0 ylmaple1create rotate .1 0 0 loop time=2 wait=.3,solid off
1 1041532328 -21496 1205 -8002 900 0 0 0 7 0 0 0 hhole1e
1 1041624502 -21526 1150 -8502 0 0 0 0 7 0 0 0 hrock9a
1 1041531294 -21126 1185 -7902 0 0 0 0 7 0 0 0 hfurn1a
1 1041625078 -21981 1225 -7713 0 0 0 0 13 0 36 0 build_hhole3bactivate rotate 0 6 0  time=3 wait=8
1 1041530698 -21926 1200 -7012 900 0 0 0 7 0 0 0 hhole1b
1 1041530535 -21526 1200 -7012 900 0 0 0 7 0 0 0 hhole1c
1 1041529899 -21496 1205 -7502 900 0 0 0 7 0 0 0 hhole1h
1 1041536458 -21526 1175 -7017 900 0 0 0 7 0 0 0 hhole1d
1 1041624504 -21526 1150 -7002 2700 0 0 0 7 0 0 0 hrock8a
1 1041539274 -21531 1460 -7012 0 0 0 0 7 0 43 0 hlight1create light color=yellow radius=10 fx=fire
1 1041532272 -21291 1185 -7902 0 0 0 0 7 0 0 0 hfurn1a
1 1041535837 -21476 1175 -6912 0 0 0 0 9 0 0 0 hfurn2asm
1 1041630220 -21984 1225 -6327 2655 0 0 0 13 0 0 0 build_hhole3b
1 1041531636 -21326 1180 -6633 1350 0 0 0 7 0 0 0 hchair1
1 1041535989 -21476 1210 -6612 900 0 0 0 9 0 0 0 hchair1sm
1 1041534807 -21094 1380 -6664 2973 0 0 0 6 0 36 0 smoke5create animate mask me flame 1 1 0 1
1 1041542888 -21481 1205 -6502 900 0 0 0 7 0 0 0 hhole1h
1 1041535997 -21676 1210 -6862 150 0 0 0 9 0 0 0 hchair1sm
1 1041532352 -21496 1205 -6027 900 0 0 0 7 0 0 0 hhole1f
1 1041637425 -21082 1260 -6661 2700 0 0 0 7 0 28 0 vtorch3create sound d_fire_con1.wav
1 1041530743 -21496 1210 -6862 900 0 0 0 5 0 0 0 hrug1
1 1041535743 -21526 1150 -5502 2700 0 0 0 7 0 0 0 hrock9a
1 1041628440 -20005 1495 -15500 0 0 0 0 13 0 0 0 build_hhole10
1 1041544967 -20740 1500 -15600 0 0 0 0 12 0 37 0 build_hhole3activate rotate 0 -10 0 time=2 wait=2
1 1041545036 -20505 1495 -15500 0 0 0 0 12 0 0 0 build_hhole8
1 1041532380 -20496 1205 -8002 900 0 0 0 7 0 0 0 hhole1e
1 1041624507 -20526 1150 -8512 2700 0 0 0 7 0 0 0 hrock6a
1 1041539241 -20531 1510 -7012 0 0 0 0 7 0 44 0 hlight1xcreate light color=yellow radius=10 fx=fire
1 1041532165 -20526 1200 -7012 900 0 0 0 7 0 0 0 hhole1c
1 1041532165 -20126 1185 -7902 0 0 0 0 7 0 0 0 hfurn1a
1 1041624514 -20526 1150 -7512 2700 0 0 0 7 0 0 0 hrock6a
1 1041532165 -20496 1205 -7502 900 0 0 0 7 0 0 0 hhole1h
1 1041623849 -20556 1190 -6977 2700 0 0 0 7 0 0 0 hhole1a
1 1041532783 -20596 1210 -6862 900 0 0 0 5 0 0 0 hrug1
1 1041624526 -20526 1150 -6512 2700 0 0 0 7 0 0 0 hrock6a
1 1041532372 -20496 1205 -6027 900 0 0 0 7 0 0 0 hhole1f
1 1041532218 -20496 1205 -6502 900 0 0 0 7 0 0 0 hhole1h
1 1041535417 -20526 1150 -5512 2700 0 0 0 7 0 0 0 hrock6a
1 1041547836 -19005 1495 -15500 0 0 0 0 13 0 0 0 build_hhole10
1 1041547767 -19505 1495 -15500 0 0 0 0 13 0 0 0 build_hhole10
1 1041548010 -19255 1495 -15500 0 0 0 0 13 0 0 0 build_hhole11
1 1041551324 -19755 1495 -15500 0 0 0 0 13 0 0 0 build_hhole11
1 1041532751 -19496 1205 -8002 900 0 0 0 7 0 0 0 hhole1e
1 1041624516 -19526 1150 -8512 2700 0 0 0 7 0 0 0 hrock6a
1 1082875863 -19001 1155 -7012 2700 0 0 0 7 80 0 0 hhole1kIt's locked?!.....I wonder if this is where Bilbo is hiding all his treasure....
1 1041624761 -19026 1165 -7012 900 0 0 0 7 0 0 0 hhole1d
1 1041624510 -19526 1150 -7512 2700 0 0 0 7 0 0 0 hrock6a
1 1041624379 -19226 1185 -7612 1800 0 0 0 5 0 0 0 hbed1
1 1041624379 -19496 1205 -7502 900 0 0 0 7 0 0 0 hhole1h
1 1041624379 -19526 1200 -7012 900 0 0 0 7 0 0 0 hhole1c
1 1041624543 -19006 1150 -7012 2700 0 0 0 7 0 0 0 hhole1l
1 1041624379 -19526 1165 -7012 900 0 0 0 7 0 0 0 hhole1d
1 1041624379 -19531 1510 -7012 0 0 0 0 7 0 44 0 hlight1xcreate light color=yellow radius=10 fx=fire
1 1041624775 -19136 1185 -7902 0 0 0 0 7 0 0 0 hfurn1a
1 1041624379 -19456 1190 -7017 2700 0 0 0 7 0 0 0 hhole1a
1 1041624527 -19526 1150 -6512 2700 0 0 0 7 0 0 0 hrock6a
1 1041624784 -19106 1200 -6512 2700 0 0 0 7 0 0 0 hhole1b
1 1041532734 -19496 1205 -6027 900 0 0 0 7 0 0 0 hhole1f
1 1041532758 -19496 1205 -6502 900 0 0 0 7 0 0 0 hhole1h
1 1041532828 -19496 1210 -6962 900 0 0 0 5 0 0 0 hrug1
1 1041537406 -19526 1150 -5512 2700 0 0 0 7 0 0 0 hrock6a
1 1041548377 -18005 1745 -15500 900 0 0 0 13 0 0 0 build_hhole18
1 1041548323 -18005 1495 -15500 900 0 0 0 13 0 0 0 build_hhole19
1 1041548414 -18255 1495 -15500 0 0 0 0 13 0 0 0 build_hhole11
1 1041548239 -18005 1495 -15500 2700 0 0 0 13 0 0 0 build_hhole16
1 1041548075 -18005 1495 -15500 0 0 0 0 13 0 0 0 build_hhole16
1 1041548466 -18004 1495 -15250 2700 0 0 0 13 0 0 0 build_hhole11
1 1041548086 -18005 1495 -15500 0 0 0 0 13 0 0 0 build_hhole13
1 1041548248 -18005 1495 -15500 1800 0 0 0 13 0 0 0 build_hhole16
1 1041548032 -18505 1495 -15500 0 0 0 0 13 0 0 0 build_hhole12
1 1041547997 -18755 1495 -15500 0 0 0 0 13 0 0 0 build_hhole11
1 1041548500 -18004 1495 -15750 2700 0 0 0 13 0 0 0 build_hhole11
1 1041548287 -18005 1495 -15500 900 0 0 0 13 0 0 0 build_hhole16
1 1041548098 -18005 1495 -15500 0 0 0 0 13 0 0 0 build_hhole14
1 1041606820 -18106 1330 -11135 315 0 0 0 6 0 0 0 birch1
1 1041624523 -18526 1150 -8512 900 0 0 0 7 0 0 0 hrock5f
1 1041624518 -18526 1150 -7512 900 0 0 0 7 0 0 0 hrock5e
1 1041624520 -18526 1150 -6512 900 0 0 0 7 0 0 0 hrock5e
1 1041535185 -18526 1145 -5512 900 0 0 0 7 0 0 0 hrock5e
1 1041534466 -18526 1150 -5512 2700 0 0 0 7 0 0 0 hrock6a
1 1041548639 -17904 1475 -15760 2700 0 0 0 12 0 0 0 build_hhole3
1 1041548607 -17904 1475 -15245 2700 0 0 0 12 0 0 0 build_hhole3
1 1041548575 -17750 1475 -15600 0 0 0 0 12 0 0 0 build_hhole3
1 1041548427 -17755 1495 -15500 0 0 0 0 13 0 0 0 build_hhole11
1 1041606998 -17085 1390 -12003 3540 0 -150 0 6 0 0 0 mush3a
1 1041606754 -17398 1360 -11087 3150 0 0 0 5 0 0 0 cfire
1 1041606967 -17222 1400 -11665 3540 0 0 0 6 0 0 0 mush1a
1 1041606989 -17146 1390 -11908 3540 0 -150 0 6 0 0 0 mush1a
1 1041606735 -17014 1365 -11059 2670 0 0 0 9 0 0 0 rockarch1
1 1041606810 -17342 1360 -11477 3540 0 0 0 9 0 0 0 rockarch1
1 1041606826 -17899 1340 -11753 300 0 0 0 6 0 0 0 birch1
1 1041623936 -17532 1520 -11086 3090 0 0 0 6 0 126 0 fairy1create corona flare1 size=2, light brightness=1color=red radius=3 fx=fire time=3, move 0 1 0 loop time=3, rotate 0 -7 0 nosync
1 1041606736 -17151 1370 -11330 3090 0 0 0 9 0 0 0 rockarch1
1 1041606802 -17616 1350 -11403 390 0 0 0 9 0 0 0 rockarch1
1 1041623953 -17027 1620 -11495 3090 0 0 0 6 0 129 0 fairy1create corona flare6 size=1,  light brightness=1 color=cyan radius=3 fx=fire time=3, move 0 1 0 loop time=3, rotate 0 -7 0 nosync
1 1041606961 -17276 1400 -11621 3540 0 0 0 6 0 0 0 mush2a
1 1041606796 -17756 1345 -11132 2625 0 0 0 9 0 0 0 rockarch1
1 1041606953 -17205 1385 -11929 390 0 0 0 6 0 0 0 birch1
1 1041606775 -17344 1360 -10698 3525 0 0 0 9 0 0 0 rockarch1
1 1041606525 -17892 1385 -10472 390 0 0 0 6 0 0 0 birch1
1 1041623941 -17264 1620 -10595 3090 0 0 0 6 0 130 0 fairy1create corona flare1 size=2,  light brightness=1 color=green radius=3 fx=fire time=3, move 0 1 0 loop time=3, rotate 0 -7 0 nosync
1 1041606778 -17095 1355 -10770 390 0 0 0 9 0 0 0 rockarch1
1 1041606885 -17320 1355 -10163 390 0 0 0 6 0 0 0 birch1
1 1041606783 -17587 1355 -10822 3090 0 0 0 9 0 0 0 rockarch1
1 1041623949 -17218 1620 -10697 3090 0 0 0 6 0 131 0 fairy6create corona flare6 size=3,  light brightness=1 color=orange radius=3 fx=fire time=3, move 0 1 0 loop time=3, rotate 0 -7 0 nosync
1 1008348897 -16347 6403 6026 1875 8 -30 0 6 0 0 0 fence5
1 1041607039 -16922 1415 -11407 2640 0 0 0 6 0 0 0 mush3a
1 1041606856 -16662 1320 -11210 390 0 0 0 6 0 0 0 birch1
1 1041607021 -16877 1415 -11352 2640 0 0 0 6 0 0 0 mush1a
1 1041607078 -16556 1455 -11106 3249 131 -74 0 6 0 0 0 mush2a
1 1041606890 -16674 1345 -10557 390 0 0 0 6 0 0 0 birch1
1 1041638319 -15860 6338 6010 0 0 0 0 4 0 25 0 oak9create sound !_dfa_02.wav
1 1008348850 -15860 6428 6010 1738 -50 -50 0 6 0 0 0 fence5
1 1008348776 -15365 6463 6019 1830 -49 -43 0 6 0 0 0 fence5
1 1008348727 -14383 6478 5946 1850 -49 16 0 6 0 0 0 fence5
1 1008348743 -14881 6488 5990 1834 -49 2 0 6 0 0 0 fence5
1 1008348676 -14007 6448 5729 2335 -98 26 0 6 0 0 0 fence5
1 1008348582 -13449 6283 4924 2345 -99 85 0 6 0 0 0 fence5
1 1008348554 -13141 6333 4536 2292 -105 -210 0 6 0 0 0 fence5
1 1008348636 -13728 6378 5333 2348 -99 100 0 6 0 0 0 fence5
1 1008116647 -12167 6318 3534 2283 0 94 0 6 0 0 0 fence5
1 1008117835 -12521 6418 3858 2162 -3 138 0 6 0 0 0 fence5
1 1008117995 -12847 6453 4170 2317 -99 -76 0 6 0 0 0 fence5
1 1008115580 -11299 5951 1609 2428 23 15 0 6 0 0 0 fence5
1 1008115083 -11068 5934 1166 2429 53 17 0 6 0 0 0 fence5
1 1041638403 -11392 5896 1561 2428 23 15 0 4 0 25 0 oak8create sound !_dfa_05.wav
1 1008116268 -11529 6078 2836 2234 57 169 0 6 0 0 0 fence5
1 1008116088 -11482 5968 2465 3062 22 67 0 6 0 0 0 fence5
1 1008119741 -11521 5948 2049 2428 28 -24 0 6 0 0 0 fence5
1 1008116566 -11852 6218 3165 2283 15 109 0 6 0 0 0 fence5
1 1008114907 -10226 6049 878 1835 3 -91 0 6 0 0 0 fence5
1 1008115014 -10715 5969 913 1835 3 -91 0 6 0 0 0 fence5
1 1041638353 -10385 5751 -170 1978 27 -6 0 4 0 25 0 oak6create sound !_dfa_01.wav
1 1008114784 -9261 6106 751 1984 -15 -30 0 6 0 0 0 fence5
1 1008114869 -9744 6091 848 1835 3 -25 0 6 0 0 0 fence5
1 1009495609 -9338 2457 9429 0 0 0 0 6 0 0 0 birch1
1 1041638368 -9699 5401 -1504 2428 23 15 0 4 0 25 0 oak6create sound !_dfa_03.wav
1 1008114687 -8793 6171 590 1984 -15 -105 0 6 0 0 0 fence5
1 1008118531 -8340 6226 432 1999 -18 -15 0 6 0 0 0 fence5
1 1008104401 -7461 6226 210 1572 0 96 0 6 0 0 0 fence5
1 1008104575 -7895 6256 233 2074 -8 -30 0 6 0 0 0 fence5
1 1008104286 -7006 6139 399 1572 0 75 0 6 0 0 0 fence5
1 1008104180 -6056 6137 686 1650 0 -39 0 6 0 0 0 fence5
1 1008104676 -6536 6104 558 1657 0 0 0 6 0 0 0 fence5
1 1041638453 -6504 5901 697 0 0 0 0 5 0 25 0 pine7create sound !_dfa_01.wav
1 1008104143 -5578 6161 814 1650 0 -30 0 6 0 0 0 fence5
1 1008104088 -5100 6183 939 1650 0 -34 0 6 0 0 0 fence5
1 1041638509 -5804 5911 997 0 0 0 0 5 0 25 0 pine6create sound !_dfa_01.wav
1 1041638527 -5098 5861 1541 3450 0 0 0 5 0 25 0 pine8create sound !_dfa_01.wav
1 1008101545 -4115 6282 1000 1800 0 -60 0 6 0 0 0 fence5
1 1008104016 -4610 6231 1000 1800 0 -58 0 6 0 0 0 fence5
1 1008101425 -3125 6404 996 1805 0 -75 0 6 0 0 0 fence5
1 1008101495 -3621 6341 1000 1800 0 -78 0 6 0 0 0 fence5
1 1041638554 -3764 5911 1588 3450 0 0 0 5 0 25 0 pine7create sound !_dfa_01.wav
1 1008101347 -2147 6478 981 1819 0 -29 0 6 0 0 0 fence5
1 1008101376 -2640 6451 992 1805 0 -38 0 6 0 0 0 fence5
1 1041638586 -2305 5861 1358 3450 0 0 0 6 0 25 0 pine10create sound !_dfa_01.wav
1 1008101222 -1158 6500 944 1864 0 19 0 6 0 0 0 fence5
1 1008101247 -1650 6497 970 1804 0 -21 0 6 0 0 0 fence5
1 1008270867 -1772 6142 1635 2096 -134 -131 0 8 0 16 0 grmaple1create solid off
1 1008114128 -1274 5507 2671 2434 -108 -106 0 6 0 0 0 birch3
1 1006371720 -1376 -2215 7986 2014 0 0 0 11 0 0 0 pan2102.rwx
1 1006371720 -1097 -2215 7877 2014 0 0 0 11 0 0 0 pan2102.rwx
1 1006371720 -1934 -2215 8205 2014 0 0 0 11 0 0 0 pan2102.rwx
1 1006371720 -1655 -2215 8096 2014 0 0 0 11 0 0 0 pan2102.rwx
1 1008119032 -193 6410 970 20 -4 -87 0 6 0 0 0 fence5
1 1011396383 -563 6277 526 3364 0 0 0 6 0 0 0 birch1
1 1008101201 -673 6466 944 1726 0 60 0 6 0 0 0 fence1
1 1008897666 -207 5213 3288 0 150 0 0 6 217 250 0 birch3this is a really longthis is a really longthis is a really longthis is a really longthis is a really longthis is a really longthis is a really longthis is a really longthis is a really longthis is a really longthis isthis is a really longthis is a really longthis is a really longthis is a really longthis is a really longthis is a really longthis is a really longthis is a really longthis is a really longthis is a really longthis is a really longthis is a really lo
1 1006371719 -259 -2215 7548 2014 0 0 0 11 0 0 0 pan2102.rwx
1 1006371719 -538 -2215 7658 2014 0 0 0 11 0 0 0 pan2102.rwx
1 1006371720 -817 -2215 7767 2014 0 0 0 11 0 0 0 pan2102.rwx
1 1008352902 -102 6007 -207 2914 0 8 0 6 0 0 0 birch1
1 1008114307 -404 5757 -840 3514 9 -9 0 6 0 0 0 birch1