atdump version 4
0 Y
1 N
2 N
3 N
4 N
5 N
6 N
7 N
8 N
9 N
10 255
11 255
12 255
13 10
14 
15 1
17 1
18 1.000000
19 11000
20 
21 0
22 0.000000
23 0.000000
24 
25 0.000000
26 
27 0
28 0.000000
29 0.000000
30 
31 0.000000
32 
33 0
34 0.000000
35 0.000000
36 
37 0.000000
39 N
40 N
41 N
42 1
43 1
44 N
45 N
46 *
47 
49 178
50 N
51 0
52 1200
53 0
54 0
55 2.000000
56 ground2
57 
58 
59 255
60 N
61 N
62 0
63 255
64 
65 255
66 
67 -0.800000
68 -0.500000
69 -0.200000
70 10
72 200
74 86e8739fff42cb4f3bc02e1f
76 http://connect.miuchiz.com/objects/games
77 10080
78 1
79 1
80 Y
81 0
83 skybox2
84 178
85 0
86 0
87 178
88 0
89 0
90 178
91 0
92 0
93 178
94 0
95 0
96 178
97 0
98 0
99 178
100 0
101 0
102 
103 
104 
105 *
106 1
107 1
108 0.200000
109 1.000000
110 0.000000
112 Coremaze
113 
114 0
115 
116 
117 N
118 0
119 0.000000
120 
121 0
122 0
123 0.000000
124 0.000000
125 
126 N
127 120
128 0.000000
129 Welcome to CoreMaze
130 N
131 
132 
133 Y
134 Y
135 N
136 Y
137 1.000000
138 1.000000
139 N
140 0.000000
141 90.000000
142 N
143 N
144 16777215
145 Y
146 600
147 3600
148 1
149 N
150 N
151 move rotate
