propdump version 4
1 1155697148 0 2915 0 0 0 0 0 17 0 182 0 mz-m01-b-flyad40screate rotate 0 -.3 0, move 0 .3 0 loop,media url=http://objects.activeworlds.com/muffin/media/rock.avi res=256 fx=3d radius=20 radoff=200 loop=1000000 osd=on, corona c_star2 size=12
1 1155696402 568 260 299 0 0 0 3 0 0 0 210 cdccccbd00000000cdccccbdcdcccc3d00000000cdcccc3d00000000000000000000000000000000000000000000000000000000000000003f00000000000000006666a63f000000000000000000000000000000000000000000000000000000000000000000000000000000000000000000000000000000000000803fcdcc4c3e0000803fcdcc4c3e0000803f0000803f64000000640000000100e80300000000000064000000f4010000ffda0900e81111000000803f01010000070000000000000000000000000000635f736f66743100
1 1155696402 568 310 299 0 0 0 3 0 0 0 210 8fc2f5bc000000008fc2f5bc8fc2f53c000000008fc2f53c000000000000000000000000000000003f000000000000000000000000cdcccc3d00000000000000000000003f000000000000000000000000000000000000000000000000000000000000000000000000000000000000000000000000000000000000803f0000003f0000803f0000003f0000803f0000803f64000000640000000100d007000000000000f4010000f401000000000000c0c0c000cdcc4c3e00010000070000000000000000000000000000635f736f66743100
1 1154531633 0 1050 0 0 0 0 0 5 0 69 0 lightcreate visible no, light radius=24 brightness=.8 fx=fire color=orange
1 1155697176 0 1700 0 2850 0 0 0 15 104 140 0 mz-m01-i-mblimpcreate media url=http://64.94.241.238:81/rock.avi res=256 fx=3d radius=20 radoff=200 loop=1000000 osd=oncreate rotate 0 .5 0, media url=http://objects.activeworlds.com/muffin/media/bomb.avi res=256 fx=3d radius=20 radoff=200 loop=1000000 osd=on
1 1155696361 622 275 18 1050 0 0 0 15 0 0 0 mz-m01-b-torch1
1 1154025020 0 0 0 0 0 0 2 0 0 0 51 000070420000f041000070420001010000803f0000803f0000ffffff000100c409000000000000000000000000000000000000
1 1155519825 0 -50 0 300 0 0 0 5 47 42 0 cam05create rotate 0 3 0;activate camera target=usercreate visible no,name cam1a, rotate 0 4 0
1 1155696361 622 275 18 0 0 0 3 0 0 0 210 cdccccbd00000000cdccccbdcdcccc3d00000000cdcccc3d00000000000000000000000000000000000000000000000000000000000000003f00000000000000006666a63f000000000000000000000000000000000000000000000000000000000000000000000000000000000000000000000000000000000000803fcdcc4c3e0000803fcdcc4c3e0000803f0000803f64000000640000000100e80300000000000064000000f4010000ffda0900e81111000000803f01010000070000000000000000000000000000635f736f66743100
1 1155696402 568 260 299 750 0 0 0 15 0 27 0 mz-m01-b-torch1create sound torchwind4.wav
1 1156272162 0 0 0 1050 0 0 0 23 0 0 0 mz-m01-b-arena-full.rwx
1 1155696361 622 335 18 0 0 0 3 0 0 0 210 8fc2f5bc000000008fc2f5bc8fc2f53c000000008fc2f53c000000000000000000000000000000003f000000000000000000000000cdcccc3d00000000000000000000003f000000000000000000000000000000000000000000000000000000000000000000000000000000000000000000000000000000000000803f0000003f0000803f0000003f0000803f0000803f64000000640000000100d007000000000000f4010000f401000000000000c0c0c000cdcccc3d00010000070000000000000000000000000000635f736f66743100
1 1158213919 0 500 0 0 0 0 0 3 23 48 0 hp1ShaCreep is the winner!create sign color=FF0000 bcolor=888800,rotate 10
1 1245711069 13 1600 1982 543 0 0 0 5 0 41 0 lightcreate corona c_star2 size=20,visible off
1 1245711071 124 1600 2000 543 0 0 0 5 0 41 0 lightcreate corona c_star2 size=20,visible off
1 1154549839 31 800 -5766 1800 0 0 0 5 0 47 0 sign3create visible no,light brightness=.3 radius=20
1 1245711053 203 1198 -1591 543 0 0 0 5 0 41 0 lightcreate corona c_star2 size=20,visible off
1 1245711055 45 1200 -1595 0 0 0 0 5 0 41 0 lightcreate corona c_star2 size=20,visible off
1 1154359677 0 150 -20 0 0 0 0 5 0 43 0 sign3create sign,solid no,visible no,name arena1
1 1245711078 1963 1450 487 2411 0 0 0 5 0 48 0 lightcreate light radius=10 brightness=.3,visible off
1 1245711074 1987 1450 359 2411 0 0 0 5 0 41 0 lightcreate corona c_star2 size=20,visible off
1 1245711076 1955 1450 615 2411 0 0 0 5 0 41 0 lightcreate corona c_star2 size=20,visible off
1 1156276901 1976 180 259 900 0 0 0 3 48 30 0 hp1The Arena Combat game is temporarily unavailablecreate sign color=0 bcolor=red
1 1155698338 1966 180 259 900 0 0 0 3 51 25 0 hp1Click here to buy a ticket to the Arena Combat gamecreate sign;~ticket:arena
1 1155697236 1072 200 1513 0 0 0 3 0 0 0 210 cdccccbd00000000cdccccbdcdcccc3d00000000cdcccc3d00000000000000000000000000000000000000000000000000000000000000003f00000000000000006666a63f000000000000000000000000000000000000000000000000000000000000000000000000000000000000000000000000000000000000803fcdcc4c3e0000803fcdcc4c3e0000803f0000803f64000000640000000100e80300000000000064000000f4010000ffda0900e81111000000803f01010000070000000000000000000000000000635f736f6674316c
1 1155697236 1072 200 1513 600 0 0 0 15 0 0 0 mz-m01-b-torch1
1 1155697236 1072 250 1513 0 0 0 3 0 0 0 210 8fc2f5bc000000008fc2f5bc8fc2f53c000000008fc2f53c000000000000000000000000000000003f000000000000000000000000cdcccc3d00000000000000000000003f000000000000000000000000000000000000000000000000000000000000000000000000000000000000000000000000000000000000803f0000003f0000803f0000003f0000803f0000803f64000000640000000100d007000000000000f4010000f401000000000000c0c0c000cdcc4c3e00010000070000000000000000000000000000635f736f6674316c
1 1155697223 2824 200 213 150 0 0 0 15 0 0 0 mz-m01-b-torch1
1 1155697222 2824 250 213 0 0 0 3 0 0 0 210 8fc2f5bc000000008fc2f5bc8fc2f53c000000008fc2f53c000000000000000000000000000000003f000000000000000000000000cdcccc3d00000000000000000000003f000000000000000000000000000000000000000000000000000000000000000000000000000000000000000000000000000000000000803f0000003f0000803f0000003f0000803f0000803f64000000640000000100d007000000000000f4010000f401000000000000c0c0c000cdcccc3d00010000070000000000000000000000000000635f736f6674316c
1 1155697223 2824 200 213 0 0 0 3 0 0 0 210 cdccccbd00000000cdccccbdcdcccc3d00000000cdcccc3d00000000000000000000000000000000000000000000000000000000000000003f00000000000000006666a63f000000000000000000000000000000000000000000000000000000000000000000000000000000000000000000000000000000000000803fcdcc4c3e0000803fcdcc4c3e0000803f0000803f64000000640000000100e80300000000000064000000f4010000ffda0900e81111000000803f01010000070000000000000000000000000000635f736f6674316c
1 1153948200 8450 3000 0 2700 0 0 4 15 0 0 47 mz-m01-i-mblimp00018001080000000000000000000000000a0a00006400000000000000000000050000000000000000626c696d7000
1 1153948404 9018 2920 -3050 0 0 0 3 0 0 0 215 cdccccbe00000000cdccccbecdcccc3e00000000cdcccc3e000000000000000000000000000000000000000000000000000000000000000000000000000000000000008040000000000000000000000000000000000000000000000000000000000000000000000000000000000000000000000000000000000000c040000040400000803fcdcccc3d000040400000803f64000000640000000100dc0500000000000064000000f4010000ffff0000ff0000009a99193f01210000070005000000000000000000000000635f736f667431626c696d7000
1 1154359273 14300 400 -2590 1070 0 0 0 5 28 48 0 sign3The players tied! No winner!create sign color=FF0000 bcolor=888800,rotate 10
1 1245711062 -2060 1350 -272 625 0 0 0 5 0 41 0 lightcreate corona c_star2 size=20,visible off
1 1245711060 -2021 1350 -417 625 0 0 0 5 0 48 0 lightcreate light radius=20 brightness=.3,visible off
1 1155697056 -1024 1025 1533 870 0 0 0 9 0 0 0 plntpose1
1 1245711057 -1982 1350 -562 625 0 0 0 5 0 41 0 lightcreate corona c_star2 size=20,visible off
1 1155696979 -384 1060 1518 2745 0 0 0 9 0 0 0 firepose1
1 1155697065 -974 1075 1536 0 0 0 3 0 0 0 212 00000000000000000000000000000000000000000000000000000000000000000000000000000000000000000000000000000000c10000000000000000000000c10000000000000000000000000000b44200000000000000000000b4420000b4430000000000000000000000000000000000000000000000000000803f0000803f0000803f000040400000404000004040c8000000c80000000100e80300000000000064000000f4010000f9ffae00f9ffae000000803f00010003090000000000000000000000000000705f7265656e74727900
1 1155697041 -384 1095 1518 0 0 0 3 0 0 0 216 000080bf0000000000000000000080bf0000000000000000000000000000000000000000000000000000000000000000000000f0c1000000c0000000c00000f0c10000004000000040000000000000000000000000000000000000000000000000000000000000000000000000000000000000000000000000cdcccc3dcdcccc3dcdcccc3d0000804000000040000080400a000000320000000100e80300000000000064000000f4010000f0ff3c00ffa620000000803f010100000d00000000000000000000000000007033323a6d33325f736674303200
1 1155698206 -250 1200 1950 0 0 0 0 15 0 29 0 mz-m01-b-torch1create corona c_star2 size=20
1 1245711067 -127 1600 2005 543 0 0 0 5 0 41 0 lightcreate corona c_star2 size=20,visible off
1 1155696722 -302 200 -2349 1050 0 0 0 15 0 0 0 mz-m01-b-torch1
1 1155696722 -302 200 -2349 0 0 0 3 0 0 0 210 cdccccbd00000000cdccccbdcdcccc3d00000000cdcccc3d00000000000000000000000000000000000000000000000000000000000000003f00000000000000006666a63f000000000000000000000000000000000000000000000000000000000000000000000000000000000000000000000000000000000000803fcdcc4c3e0000803fcdcc4c3e0000803f0000803f64000000640000000100e80300000000000064000000f4010000ffda0900e81111000000803f01010000070000000000000000000000000000635f736f6674316c
1 1155696722 -302 250 -2349 0 0 0 3 0 0 0 210 8fc2f5bc000000008fc2f5bc8fc2f53c000000008fc2f53c000000000000000000000000000000003f000000000000000000000000cdcccc3d00000000000000000000003f000000000000000000000000000000000000000000000000000000000000000000000000000000000000000000000000000000000000803f0000003f0000803f0000003f0000803f0000803f64000000640000000100d007000000000000f4010000f401000000000000c0c0c000cdcccc3d00010000070000000000000000000000000000635f736f6674316c
1 1155519517 -100 250 -750 30 0 0 0 5 6 41 0 sign3CAMERAcreate sign,solid no,visible no,name cam1