propdump version 4
1 1257871202 400 -20400 400 900 0 0 0 15 0 17 0 mz-b01-b-rail1mcreate name MazeW
1 1257871209 800 -20400 800 0 0 0 0 15 0 17 0 mz-b01-b-rail1mcreate name MazeW
1 1257871204 800 -20400 0 0 0 0 0 15 0 17 0 mz-b01-b-rail1mcreate name MazeW
1 1257871202 400 -20400 1200 900 0 0 0 15 0 17 0 mz-b01-b-rail1mcreate name MazeW
1 1257871203 400 -20400 2000 900 0 0 0 15 0 17 0 mz-b01-b-rail1mcreate name MazeW
1 1257871203 400 -20400 2800 900 0 0 0 15 0 17 0 mz-b01-b-rail1mcreate name MazeW
1 1257871203 400 -20400 3600 900 0 0 0 15 0 17 0 mz-b01-b-rail1mcreate name MazeW
1 1257871203 400 -20400 4400 900 0 0 0 15 0 17 0 mz-b01-b-rail1mcreate name MazeW
1 1257871203 400 -20400 5200 900 0 0 0 15 0 17 0 mz-b01-b-rail1mcreate name MazeW
1 1257871204 400 -20400 6000 900 0 0 0 15 0 17 0 mz-b01-b-rail1mcreate name MazeW
1 1257871204 400 -20400 6800 900 0 0 0 15 0 17 0 mz-b01-b-rail1mcreate name MazeW
1 1257871215 800 -20400 6400 0 0 0 0 15 0 17 0 mz-b01-b-rail1mcreate name MazeW
1 1257871204 400 -20400 7600 900 0 0 0 15 0 17 0 mz-b01-b-rail1mcreate name MazeW
1 1257871217 800 -20400 8000 0 0 0 0 15 0 17 0 mz-b01-b-rail1mcreate name MazeW
1 1257871204 0 -20400 8000 0 0 0 0 15 0 17 0 mz-b01-b-rail1mcreate name MazeW
1 1257871205 800 -20400 8800 0 0 0 0 15 0 17 0 mz-b01-b-rail1mcreate name MazeW
1 1257871204 0 -20400 8800 0 0 0 0 15 0 17 0 mz-b01-b-rail1mcreate name MazeW
1 1161555421 140 -20400 9535 1800 0 0 0 19 0 0 0 mz-b01-b-streetlamp
1 1161556125 625 -20400 -1275 0 0 0 0 19 0 0 0 mz-b01-b-streetlamp
1 1257871204 0 -20400 -800 0 0 0 0 15 0 17 0 mz-b01-b-rail1mcreate name MazeW
1 1257871204 800 -20400 -800 0 0 0 0 15 0 17 0 mz-b01-b-rail1mcreate name MazeW
1 1257871205 1600 -20400 0 0 0 0 0 15 0 17 0 mz-b01-b-rail1mcreate name MazeW
1 1257871210 1600 -20400 1600 0 0 0 0 15 0 17 0 mz-b01-b-rail1mcreate name MazeW
1 1257871211 1200 -20400 2800 900 0 0 0 15 0 17 0 mz-b01-b-rail1mcreate name MazeW
1 1257871210 1200 -20400 2000 900 0 0 0 15 0 17 0 mz-b01-b-rail1mcreate name MazeW
1 1257871212 1200 -20400 3600 900 0 0 0 15 0 17 0 mz-b01-b-rail1mcreate name MazeW
1 1257871213 1200 -20400 4400 900 0 0 0 15 0 17 0 mz-b01-b-rail1mcreate name MazeW
1 1257871215 1600 -20400 5600 0 0 0 0 15 0 17 0 mz-b01-b-rail1mcreate name MazeW
1 1257871216 1600 -20400 6400 0 0 0 0 15 0 17 0 mz-b01-b-rail1mcreate name MazeW
1 1257871217 1200 -20400 7600 900 0 0 0 15 0 17 0 mz-b01-b-rail1mcreate name MazeW
1 1257871218 1600 -20400 8000 0 0 0 0 15 0 17 0 mz-b01-b-rail1mcreate name MazeW
1 1257871205 1600 -20400 8800 0 0 0 0 15 0 17 0 mz-b01-b-rail1mcreate name MazeW
1 1161555299 1050 -20400 9650 1800 0 0 0 14 0 0 0 mz-b01-p-palm1
1 1161555424 1940 -20400 9535 1800 0 0 0 19 0 0 0 mz-b01-b-streetlamp
1 1161556124 1925 -20400 -1275 0 0 0 0 19 0 0 0 mz-b01-b-streetlamp
1 1161556125 1225 -20400 -1425 0 0 0 0 14 0 0 0 mz-b01-p-palm1
1 1257871205 1600 -20400 -800 0 0 0 0 15 0 17 0 mz-b01-b-rail1mcreate name MazeW
1 1257871209 2400 -20400 800 0 0 0 0 15 0 17 0 mz-b01-b-rail1mcreate name MazeW
1 1257871209 2000 -20400 1200 900 0 0 0 15 0 17 0 mz-b01-b-rail1mcreate name MazeW
1 1257871210 2800 -20400 2000 900 0 0 0 15 0 17 0 mz-b01-b-rail1mcreate name MazeW
1 1257871211 2800 -20400 2800 900 0 0 0 15 0 17 0 mz-b01-b-rail1mcreate name MazeW
1 1257871211 2000 -20400 2800 900 0 0 0 15 0 17 0 mz-b01-b-rail1mcreate name MazeW
1 1257871212 2800 -20400 3600 900 0 0 0 15 0 17 0 mz-b01-b-rail1mcreate name MazeW
1 1257871212 2400 -20400 3200 0 0 0 0 15 0 17 0 mz-b01-b-rail1mcreate name MazeW
1 1257871213 2800 -20400 4400 900 0 0 0 15 0 17 0 mz-b01-b-rail1mcreate name MazeW
1 1257871213 2000 -20400 4400 900 0 0 0 15 0 17 0 mz-b01-b-rail1mcreate name MazeW
1 1257871214 2000 -20400 5200 900 0 0 0 15 0 17 0 mz-b01-b-rail1mcreate name MazeW
1 1257871214 2800 -20400 5200 900 0 0 0 15 0 17 0 mz-b01-b-rail1mcreate name MazeW
1 1257871215 2000 -20400 6000 900 0 0 0 15 0 17 0 mz-b01-b-rail1mcreate name MazeW
1 1257871216 2800 -20400 6800 900 0 0 0 15 0 17 0 mz-b01-b-rail1mcreate name MazeW
1 1257871215 2800 -20400 6000 900 0 0 0 15 0 17 0 mz-b01-b-rail1mcreate name MazeW
1 1257871217 2400 -20400 7200 0 0 0 0 15 0 17 0 mz-b01-b-rail1mcreate name MazeW
1 1257871205 2400 -20400 8800 0 0 0 0 15 0 17 0 mz-b01-b-rail1mcreate name MazeW
1 1257871218 2400 -20400 8000 0 0 0 0 15 0 17 0 mz-b01-b-rail1mcreate name MazeW
1 1161555299 2800 -20400 9650 1800 0 0 0 14 0 0 0 mz-b01-p-palm1
1 1161556124 2525 -20400 -1425 0 0 0 0 14 0 0 0 mz-b01-p-palm1
1 1257871205 2400 -20400 -800 0 0 0 0 15 0 17 0 mz-b01-b-rail1mcreate name MazeW
1 1257871205 3200 -20400 0 0 0 0 0 15 0 17 0 mz-b01-b-rail1mcreate name MazeW
1 1257871209 3200 -20400 800 0 0 0 0 15 0 17 0 mz-b01-b-rail1mcreate name MazeW
1 1165594659 3100 -19350 2900 0 0 900 0 2 0 128 0 sbcreate visible off, media url=http://www.bratz.com/miuchizobjects/sounds/mz_bratz_maze_SMX143_24.mp3 fx=3d radius=200 loop=99999
1 1162064833 3600 -17750 2800 0 0 0 2 0 0 0 51 0000c842000048420000c842000000000080400000803f4200bebebe0001001e00000000000000000000000000000000000000
1 1257871210 3600 -20400 2000 900 0 0 0 15 0 17 0 mz-b01-b-rail1mcreate name MazeW
1 1257871211 3600 -20400 2800 900 0 0 0 15 0 17 0 mz-b01-b-rail1mcreate name MazeW
1 1161968047 3300 -20400 3400 0 0 0 2 0 0 0 51 000016430000164300001643000000000080400000803f4000ffffff000100c409000000000000000000000000000000000000
1 1257871213 3200 -20400 4000 0 0 0 0 15 0 17 0 mz-b01-b-rail1mcreate name MazeW
1 1257871215 3200 -20400 5600 0 0 0 0 15 0 17 0 mz-b01-b-rail1mcreate name MazeW
1 1257871217 3600 -20400 7600 900 0 0 0 15 0 17 0 mz-b01-b-rail1mcreate name MazeW
1 1257871217 3200 -20400 7200 0 0 0 0 15 0 17 0 mz-b01-b-rail1mcreate name MazeW
1 1257871218 3200 -20400 8000 0 0 0 0 15 0 17 0 mz-b01-b-rail1mcreate name MazeW
1 1257871205 3200 -20400 8800 0 0 0 0 15 0 17 0 mz-b01-b-rail1mcreate name MazeW
1 1161555428 3640 -20400 9535 1800 0 0 0 19 0 0 0 mz-b01-b-streetlamp
1 1161555737 3620 -20400 10319 1800 0 0 0 16 0 37 0 mz-b01-b-billbrdcreate picture mz-b01-bratzlogo02.jpg
1 1161657804 3325 -20400 -1375 0 0 0 0 19 0 0 0 mz-b01-b-streetlamp
1 1163619502 3475 -20400 -1875 0 0 0 0 16 0 74 0 mz-b01-b-billbrdcreate picture http://www.bratz.com/miuchizobjects/signs/b_sign_ahhspa.jpg
1 1257871205 3200 -20400 -800 0 0 0 0 15 0 17 0 mz-b01-b-rail1mcreate name MazeW
1 1257871209 4000 -20400 800 0 0 0 0 15 0 17 0 mz-b01-b-rail1mcreate name MazeW
1 1257871206 4800 -20400 0 0 0 0 0 15 0 17 0 mz-b01-b-rail1mcreate name MazeW
1 1257871206 4000 -20400 0 0 0 0 0 15 0 17 0 mz-b01-b-rail1mcreate name MazeW
1 1257871209 4400 -20400 1200 900 0 0 0 15 0 17 0 mz-b01-b-rail1mcreate name MazeW
1 1257871210 4800 -20400 1600 0 0 0 0 15 0 17 0 mz-b01-b-rail1mcreate name MazeW
1 1257871211 4000 -20400 2400 0 0 0 0 15 0 17 0 mz-b01-b-rail1mcreate name MazeW
1 1257871212 4400 -20400 3600 900 0 0 0 15 0 17 0 mz-b01-b-rail1mcreate name MazeW
1 1257871212 4000 -20400 3200 0 0 0 0 15 0 17 0 mz-b01-b-rail1mcreate name MazeW
1 1257871214 4000 -20400 4800 0 0 0 0 15 0 17 0 mz-b01-b-rail1mcreate name MazeW
1 1257871213 4400 -20400 4400 900 0 0 0 15 0 17 0 mz-b01-b-rail1mcreate name MazeW
1 1257871213 4800 -20400 4000 0 0 0 0 15 0 17 0 mz-b01-b-rail1mcreate name MazeW
1 1257871214 4800 -20400 4800 0 0 0 0 15 0 17 0 mz-b01-b-rail1mcreate name MazeW
1 1257871215 4000 -20400 5600 0 0 0 0 15 0 17 0 mz-b01-b-rail1mcreate name MazeW
1 1257871216 4800 -20400 6400 0 0 0 0 15 0 17 0 mz-b01-b-rail1mcreate name MazeW
1 1257871216 4000 -20400 6400 0 0 0 0 15 0 17 0 mz-b01-b-rail1mcreate name MazeW
1 1257871216 4400 -20400 6800 900 0 0 0 15 0 17 0 mz-b01-b-rail1mcreate name MazeW
1 1257871217 4400 -20400 7600 900 0 0 0 15 0 17 0 mz-b01-b-rail1mcreate name MazeW
1 1257871218 4800 -20400 8000 0 0 0 0 15 0 17 0 mz-b01-b-rail1mcreate name MazeW
1 1257871206 4800 -20400 8800 0 0 0 0 15 0 17 0 mz-b01-b-rail1mcreate name MazeW
1 1257871206 4000 -20400 8800 0 0 0 0 15 0 17 0 mz-b01-b-rail1mcreate name MazeW
1 1161364367 4000 -19050 9450 0 0 0 0 2 0 118 0 sbcreate visible off, media url=http://mion.activeworlds.com/objects/sounds/dogonloose60.mp3 fx=3d radius=250 loop=99999
1 1161555300 4450 -20400 9650 1800 0 0 0 14 0 0 0 mz-b01-p-palm1
1 1161701101 4840 -20850 10889 1800 0 0 0 12 0 0 0 buildblock20
1 1161701041 4190 -20850 -2611 0 0 0 0 12 0 0 0 buildblock20
1 1161556123 4025 -20400 -1425 0 0 0 0 14 0 0 0 mz-b01-p-palm1
1 1161556122 4925 -20400 -1275 0 0 0 0 19 0 0 0 mz-b01-b-streetlamp
1 1257871206 4800 -20400 -800 0 0 0 0 15 0 17 0 mz-b01-b-rail1mcreate name MazeW
1 1257871205 4000 -20400 -800 0 0 0 0 15 0 17 0 mz-b01-b-rail1mcreate name MazeW
1 1257871206 5600 -20400 0 0 0 0 0 15 0 17 0 mz-b01-b-rail1mcreate name MazeW
1 1257871209 5600 -20400 800 0 0 0 0 15 0 17 0 mz-b01-b-rail1mcreate name MazeW
1 1257871211 5200 -20400 2800 900 0 0 0 15 0 17 0 mz-b01-b-rail1mcreate name MazeW
1 1257871210 5200 -20400 2000 900 0 0 0 15 0 17 0 mz-b01-b-rail1mcreate name MazeW
1 1257871212 5600 -20400 3200 0 0 0 0 15 0 17 0 mz-b01-b-rail1mcreate name MazeW
1 1257871214 5200 -20400 5200 900 0 0 0 15 0 17 0 mz-b01-b-rail1mcreate name MazeW
1 1257871215 5600 -20400 5600 0 0 0 0 15 0 17 0 mz-b01-b-rail1mcreate name MazeW
1 1257871216 5600 -20400 6400 0 0 0 0 15 0 17 0 mz-b01-b-rail1mcreate name MazeW
1 1257871217 5600 -20400 7200 0 0 0 0 15 0 17 0 mz-b01-b-rail1mcreate name MazeW
1 1257871206 5600 -20400 8800 0 0 0 0 15 0 17 0 mz-b01-b-rail1mcreate name MazeW
1 1257871218 5600 -20400 8000 0 0 0 0 15 0 17 0 mz-b01-b-rail1mcreate name MazeW
1 1161555431 5090 -20400 9535 1800 0 0 0 19 0 0 0 mz-b01-b-streetlamp
1 1161555298 5950 -20400 9650 1800 0 0 0 14 0 0 0 mz-b01-p-palm1
1 1161556122 5675 -20400 -1425 0 0 0 0 14 0 0 0 mz-b01-p-palm1
1 1257871206 5600 -20400 -800 0 0 0 0 15 0 17 0 mz-b01-b-rail1mcreate name MazeW
1 1257871206 6400 -20400 0 0 0 0 0 15 0 17 0 mz-b01-b-rail1mcreate name MazeW
1 1257871208 6800 -20400 400 900 0 0 0 15 0 17 0 mz-b01-b-rail1mcreate name MazeW
1 1257871209 6000 -20400 1200 900 0 0 0 15 0 17 0 mz-b01-b-rail1mcreate name MazeW
1 1257871209 6800 -20400 1200 900 0 0 0 15 0 17 0 mz-b01-b-rail1mcreate name MazeW
1 1257871210 6800 -20400 2000 900 0 0 0 15 0 17 0 mz-b01-b-rail1mcreate name MazeW
1 1257871211 6000 -20400 2800 900 0 0 0 15 0 17 0 mz-b01-b-rail1mcreate name MazeW
1 1257871210 6000 -20400 2000 900 0 0 0 15 0 17 0 mz-b01-b-rail1mcreate name MazeW
1 1257871212 6000 -20400 3600 900 0 0 0 15 0 17 0 mz-b01-b-rail1mcreate name MazeW
1 1257871212 6400 -20400 3200 0 0 0 0 15 0 17 0 mz-b01-b-rail1mcreate name MazeW
1 1257871213 6000 -20400 4400 900 0 0 0 15 0 17 0 mz-b01-b-rail1mcreate name MazeW
1 1257871214 6400 -20400 4800 0 0 0 0 15 0 17 0 mz-b01-b-rail1mcreate name MazeW
1 1257871214 6800 -20400 5200 900 0 0 0 15 0 17 0 mz-b01-b-rail1mcreate name MazeW
1 1257871216 6400 -20400 6400 0 0 0 0 15 0 17 0 mz-b01-b-rail1mcreate name MazeW
1 1257871215 6000 -20400 6000 900 0 0 0 15 0 17 0 mz-b01-b-rail1mcreate name MazeW
1 1257871217 6400 -20400 7200 0 0 0 0 15 0 17 0 mz-b01-b-rail1mcreate name MazeW
1 1257871217 6800 -20400 7600 900 0 0 0 15 0 17 0 mz-b01-b-rail1mcreate name MazeW
1 1257871218 6400 -20400 8000 0 0 0 0 15 0 17 0 mz-b01-b-rail1mcreate name MazeW
1 1257871207 6400 -20400 8800 0 0 0 0 15 0 17 0 mz-b01-b-rail1mcreate name MazeW
1 1161555435 6990 -20400 9535 1800 0 0 0 19 0 0 0 mz-b01-b-streetlamp
1 1161556121 6675 -20400 -1275 0 0 0 0 19 0 0 0 mz-b01-b-streetlamp
1 1257871206 6400 -20400 -800 0 0 0 0 15 0 17 0 mz-b01-b-rail1mcreate name MazeW
1 1257871207 7200 -20400 0 0 0 0 0 15 0 17 0 mz-b01-b-rail1mcreate name MazeW
1 1257871209 7200 -20400 800 0 0 0 0 15 0 17 0 mz-b01-b-rail1mcreate name MazeW
1 1257871211 7200 -20400 2400 0 0 0 0 15 0 17 0 mz-b01-b-rail1mcreate name MazeW
1 1257871212 7200 -20400 3200 0 0 0 0 15 0 17 0 mz-b01-b-rail1mcreate name MazeW
1 1257871213 7200 -20400 4000 0 0 0 0 15 0 17 0 mz-b01-b-rail1mcreate name MazeW
1 1257871213 7600 -20400 4400 900 0 0 0 15 0 17 0 mz-b01-b-rail1mcreate name MazeW
1 1257871214 7600 -20400 5200 900 0 0 0 15 0 17 0 mz-b01-b-rail1mcreate name MazeW
1 1257871216 7200 -20400 6400 0 0 0 0 15 0 17 0 mz-b01-b-rail1mcreate name MazeW
1 1257871215 7600 -20400 6000 900 0 0 0 15 0 17 0 mz-b01-b-rail1mcreate name MazeW
1 1257871216 7600 -20400 6800 900 0 0 0 15 0 17 0 mz-b01-b-rail1mcreate name MazeW
1 1257871207 7200 -20400 8800 0 0 0 0 15 0 17 0 mz-b01-b-rail1mcreate name MazeW
1 1257871218 7200 -20400 8000 0 0 0 0 15 0 17 0 mz-b01-b-rail1mcreate name MazeW
1 1161555446 7550 -20400 9650 1800 0 0 0 14 0 0 0 mz-b01-p-palm1
1 1161556121 7425 -20400 -1425 0 0 0 0 14 0 0 0 mz-b01-p-palm1
1 1257871207 7200 -20400 -800 0 0 0 0 15 0 17 0 mz-b01-b-rail1mcreate name MazeW
1 1257871208 8400 -20400 400 900 0 0 0 15 0 17 0 mz-b01-b-rail1mcreate name MazeW
1 1257871207 8000 -20400 0 0 0 0 0 15 0 17 0 mz-b01-b-rail1mcreate name MazeW
1 1257871210 8000 -20400 1600 0 0 0 0 15 0 17 0 mz-b01-b-rail1mcreate name MazeW
1 1257871210 8400 -20400 1200 900 0 0 0 15 0 17 0 mz-b01-b-rail1mcreate name MazeW
1 1257871211 8400 -20400 2800 900 0 0 0 15 0 17 0 mz-b01-b-rail1mcreate name MazeW
1 1257871211 8400 -20400 2000 900 0 0 0 15 0 17 0 mz-b01-b-rail1mcreate name MazeW
1 1257871212 8000 -20400 3200 0 0 0 0 15 0 17 0 mz-b01-b-rail1mcreate name MazeW
1 1257871213 8400 -20400 3600 900 0 0 0 15 0 17 0 mz-b01-b-rail1mcreate name MazeW
1 1257871214 8400 -20400 4400 900 0 0 0 15 0 17 0 mz-b01-b-rail1mcreate name MazeW
1 1257871214 8400 -20400 5200 900 0 0 0 15 0 17 0 mz-b01-b-rail1mcreate name MazeW
1 1257871216 8400 -20400 6800 900 0 0 0 15 0 17 0 mz-b01-b-rail1mcreate name MazeW
1 1257871215 8400 -20400 6000 900 0 0 0 15 0 17 0 mz-b01-b-rail1mcreate name MazeW
1 1257871217 8400 -20400 7600 900 0 0 0 15 0 17 0 mz-b01-b-rail1mcreate name MazeW
1 1257871218 8800 -20400 8400 0 0 0 0 20 0 17 0 mz-b01-b-mshopcor1bbcreate name MazeW
1 1257871207 8800 -20400 8800 0 0 0 0 15 0 17 0 mz-b01-b-rail1mcreate name MazeW
1 1257871207 8000 -20400 8800 0 0 0 0 15 0 17 0 mz-b01-b-rail1mcreate name MazeW
1 1257871207 8800 -20400 8000 0 0 0 0 15 0 17 0 mz-b01-b-rail1mcreate name MazeW
1 1257871218 8000 -20400 8000 0 0 0 0 15 0 17 0 mz-b01-b-rail1mcreate name MazeW
1 1161522785 8815 -19630 8445 2700 0 0 0 19 0 0 0 mz-b01-b-mshoptop3f
1 1161556128 8075 -20400 -1275 0 0 0 0 19 0 0 0 mz-b01-b-streetlamp
1 1257871208 8400 -20400 -400 900 0 0 0 15 0 17 0 mz-b01-b-rail1mcreate name MazeW
1 1257871207 8000 -20400 -800 0 0 0 0 15 0 17 0 mz-b01-b-rail1mcreate name MazeW
1 1161556090 9450 -20400 750 2700 0 0 0 14 0 0 0 mz-b01-p-palm1
1 1161556088 9300 -20400 150 2700 0 0 0 19 0 0 0 mz-b01-b-streetlamp
1 1161556091 9300 -20400 1550 2700 0 0 0 19 0 0 0 mz-b01-b-streetlamp
1 1161556091 9450 -20400 2250 2700 0 0 0 14 0 0 0 mz-b01-p-palm1
1 1161556095 9300 -20400 3150 2700 0 0 0 19 0 0 0 mz-b01-b-streetlamp
1 1161556092 9450 -20400 3900 2700 0 0 0 14 0 0 0 mz-b01-p-palm1
1 1161556094 9300 -20400 4900 2700 0 0 0 19 0 0 0 mz-b01-b-streetlamp
1 1161556092 9450 -20400 5650 2700 0 0 0 14 0 0 0 mz-b01-p-palm1
1 1161556095 9300 -20400 6300 2700 0 0 0 19 0 0 0 mz-b01-b-streetlamp
1 1161556094 9450 -20400 7450 2700 0 0 0 14 0 0 0 mz-b01-p-palm1
1 1191354293 9950 -20400 8400 2700 0 0 0 17 22 50 0 mz-a01-b-arcade1aBring mich nach Hause!activate teleport mionde 59.11S 32.95W -10.49a 147
1 1257871208 9600 -20400 8000 0 0 0 0 15 0 17 0 mz-b01-b-rail1mcreate name MazeW
1 1257871207 9600 -20400 8800 0 0 0 0 15 0 17 0 mz-b01-b-rail1mcreate name MazeW
1 1161556128 9225 -20400 -1425 0 0 0 0 14 0 0 0 mz-b01-p-palm1
1 1161556087 9300 -20400 -1150 2700 0 0 0 19 0 0 0 mz-b01-b-streetlamp
1 1161556088 9450 -20400 -550 2700 0 0 0 14 0 0 0 mz-b01-p-palm1
1 1163619517 10100 -20400 3150 2700 0 0 0 16 0 83 0 mz-b01-b-billbrdcreate picture http://www.bratz.com/miuchizobjects/signs/b_sign_earringsnthings.jpg
1 1161701071 10940 -20850 4339 2700 0 0 0 12 0 0 0 buildblock20
1 1257871208 10400 -20400 8000 0 0 0 0 15 0 17 0 mz-b01-b-rail1mcreate name MazeW
1 1257871208 10800 -20400 8400 900 0 0 0 15 0 17 0 mz-b01-b-rail1mcreate name MazeW
1 1257871208 10400 -20400 8800 0 0 0 0 15 0 17 0 mz-b01-b-rail1mcreate name MazeW
1 1161701046 -2710 -20850 4889 900 0 0 0 12 0 0 0 buildblock20
1 1161657766 -1300 -20400 400 900 0 0 0 19 0 0 0 mz-b01-b-streetlamp
1 1161657959 -1300 -20365 1050 900 0 0 0 14 0 0 0 mz-b01-p-palm1
1 1161657766 -1300 -20400 1800 900 0 0 0 19 0 0 0 mz-b01-b-streetlamp
1 1161657780 -1300 -20400 2800 900 0 0 0 14 0 0 0 mz-b01-p-palm1
1 1161657766 -1300 -20400 3550 900 0 0 0 19 0 0 0 mz-b01-b-streetlamp
1 1161657781 -1300 -20400 4450 900 0 0 0 14 0 0 0 mz-b01-p-palm1
1 1161657766 -1300 -20400 5150 900 0 0 0 19 0 0 0 mz-b01-b-streetlamp
1 1161657793 -1550 -20400 5000 900 0 0 0 16 0 35 0 mz-b01-b-billbrdcreate picture mz-b01-billbrd01.jpg
1 1161657781 -1300 -20400 5950 900 0 0 0 14 0 0 0 mz-b01-p-palm1
1 1161657766 -1300 -20400 6550 900 0 0 0 19 0 0 0 mz-b01-b-streetlamp
1 1161657781 -1300 -20400 7250 900 0 0 0 14 0 0 0 mz-b01-p-palm1
1 1161657766 -1300 -20400 7850 900 0 0 0 19 0 0 0 mz-b01-b-streetlamp
1 1161657781 -1300 -20400 8550 900 0 0 0 14 0 0 0 mz-b01-p-palm1
1 1161657780 -1300 -20400 -750 900 0 0 0 14 0 0 0 mz-b01-p-palm1
1 1257871202 -400 -20400 400 900 0 0 0 15 0 17 0 mz-b01-b-rail1mcreate name MazeW
1 1257871202 -400 -20400 1200 900 0 0 0 15 0 17 0 mz-b01-b-rail1mcreate name MazeW
1 1257871202 -400 -20400 2000 900 0 0 0 15 0 17 0 mz-b01-b-rail1mcreate name MazeW
1 1257871203 -400 -20400 2800 900 0 0 0 15 0 17 0 mz-b01-b-rail1mcreate name MazeW
1 1257871203 -400 -20400 3600 900 0 0 0 15 0 17 0 mz-b01-b-rail1mcreate name MazeW
1 1257871203 -400 -20400 4400 900 0 0 0 15 0 17 0 mz-b01-b-rail1mcreate name MazeW
1 1257871203 -400 -20400 5200 900 0 0 0 15 0 17 0 mz-b01-b-rail1mcreate name MazeW
1 1257871203 -400 -20400 6000 900 0 0 0 15 0 17 0 mz-b01-b-rail1mcreate name MazeW
1 1257871204 -400 -20400 6800 900 0 0 0 15 0 17 0 mz-b01-b-rail1mcreate name MazeW
1 1257871204 -400 -20400 7600 900 0 0 0 15 0 17 0 mz-b01-b-rail1mcreate name MazeW
1 1257871208 -400 -20400 8400 900 0 0 0 15 0 17 0 mz-b01-b-rail1mcreate name MazeW
1 1161555298 -750 -20400 9650 1800 0 0 0 14 0 0 0 mz-b01-p-palm1
1 1161556127 -75 -20400 -1425 0 0 0 0 14 0 0 0 mz-b01-p-palm1
1 1161555485 -800 -20400 -1200 900 0 0 0 19 0 0 0 mz-b01-b-streetlamp
1 1257871208 -400 -20400 -400 900 0 0 0 15 0 17 0 mz-b01-b-rail1mcreate name MazeW