propdump version 4
2 1146234496 0 5676 0 2460 0 0 0 12 1 0 0 henge_outer26
2 1146234496 0 5676 0 2400 0 0 0 17 0 0 0 henge_outerlintel
2 1146234496 0 5676 0 2100 0 0 0 18 1 0 0 henge_outerfallen19
2 1146234494 212 5676 990 2250 0 0 0 12 0 0 0 henge_inner1
2 1146234493 0 5676 0 2940 0 0 0 12 1 0 0 henge_outer12
2 1146234494 617 5676 752 150 0 0 0 17 0 0 0 henge_lintelfall1
2 1146234493 0 5676 0 3420 0 0 0 12 2 0 0 henge_outer128
2 1146234495 0 5326 0 300 0 0 0 12 2 0 0 henge_outer124
2 1146234495 0 5676 0 2700 0 0 0 12 1 0 0 henge_outer14
1 1146234981 0 4976 0 2700 0 0 0 12 0 22 0 henge_inner1create sound fire1.wav
2 1146234495 0 5676 0 60 0 0 0 18 2 0 0 henge_outerfallen126
2 1146234494 0 5676 0 1980 0 0 0 12 2 0 0 henge_outer110
2 1146234494 0 5676 0 2220 0 0 0 18 1 0 0 henge_outerfallen18
2 1146234495 0 5676 0 2340 0 0 0 12 1 0 0 henge_outer17
2 1146234494 0 5676 0 180 0 0 0 18 2 0 0 henge_outerfallen125
2 1146234495 0 5676 0 420 0 0 0 12 2 0 0 henge_outer123
2 1146234495 0 5676 0 3240 0 0 0 17 0 0 0 henge_outerlintel
2 1146234495 0 5676 0 900 0 0 0 18 2 0 0 henge_outerfallen119
2 1146234496 0 5676 0 660 0 0 0 12 2 0 0 henge_outer121
2 1146234494 0 5676 0 3300 0 0 0 12 2 0 0 henge_outer129
2 1146234493 800 5676 0 900 0 0 0 12 0 0 0 henge_inner1
2 1146234494 0 5676 0 540 0 0 0 12 2 0 0 henge_outer122
2 1146234496 496 5676 81 2550 0 0 0 12 2 0 0 henge_small269
2 1146234496 0 5326 0 1380 0 0 0 12 2 0 0 henge_outer115
2 1146234496 0 5676 0 2640 0 0 0 17 0 0 0 henge_outerlintel
2 1146234493 0 5676 0 3120 0 0 0 17 0 0 0 henge_outerlintel
2 1146234496 0 5676 0 3060 0 0 0 12 1 0 0 henge_outer11
2 1146234494 0 5676 0 1860 0 0 0 12 2 0 0 henge_outer111
2 1146234496 786 6201 159 825 0 0 0 13 0 0 0 henge_lintel1
2 1146234493 0 5676 0 2820 0 0 0 12 1 0 0 henge_outer23
2 1146234495 457 5676 226 2550 0 0 0 12 2 0 0 henge_small270
2 1146234496 0 5676 0 1260 0 0 0 12 2 0 0 henge_outer116
2 1146234495 0 5676 0 2580 0 0 0 12 1 0 0 henge_outer25
2 1146234496 0 5676 0 1740 0 0 0 18 2 0 0 henge_outerfallen112
2 1146236507 0 5676 0 3000 0 0 0 13 0 80 0 henge_lintel2create solid off, light color=yellow radius=10 fx=fire brightness=.75, solid off
2 1146234494 0 5326 0 1020 0 0 0 12 2 0 0 henge_outer118
2 1146234494 0 5326 0 1620 0 0 0 12 2 0 0 henge_outer113
2 1146234494 0 5676 0 1500 0 0 0 18 2 0 0 henge_outerfallen114
2 1146235812 0 5726 0 0 0 0 3 0 0 0 210 cdcc4cbf00000000cdccccbdcdcc4c3f00000000cdcccc3d00000000009a99193f00000000000000009a99193f00000000cdcccc3d0000803f00000000000000000000e04000000000000000000000000000000000000000000000000000000000000000000000000000000000000000000000000000000000333333bf0000803fcdcc4c3e3333333f00009040cdcc4c3e64000000640000001500e803000000000000f40100002c010000fdfbb300fea038000000803f01010000070000000000000000000000000000635f736f66743172
2 1146234495 0 5676 0 2700 0 0 0 12 0 0 0 henge_outer1
2 1146234494 747 5676 304 2550 0 0 0 12 0 0 0 henge_inner1
2 1146234495 0 5676 0 3540 0 0 0 12 2 0 0 henge_outer127
2 1146234495 0 5676 0 600 0 0 0 17 0 0 0 henge_outerlintel
2 1146234495 96 5676 680 2100 0 0 0 16 2 0 0 henge_smallfall171
2 1146234495 389 5226 742 2250 0 0 0 12 0 0 0 henge_inner1
2 1146234495 0 5326 0 780 0 0 0 12 2 0 0 henge_outer120
2 1146234494 0 5326 0 1140 0 0 0 12 2 0 0 henge_outer117
2 1146234496 0 5676 0 3180 0 0 0 12 2 0 0 henge_outer230
2 1146234496 0 5676 0 3000 0 0 0 17 0 0 0 henge_outerlintel
1 1163099293 60594 4250 65304 990 0 0 0 10 0 0 0 mz-ob-wall
1 1163099293 61207 4250 69254 990 0 0 0 10 0 0 0 mz-ob-wall
1 1163099120 61576 4250 70764 1140 0 0 0 10 0 0 0 mz-ob-twr1
1 1163106438 61957 5220 78636 3075 0 0 0 13 0 71 0 mz-m01-staff0create solid off,texture p64_cpr mask=m64_mz1 tag=201;bump visible on€
1 1163099111 62556 4250 73018 1140 0 0 0 10 0 0 0 mz-ob-wall
1 1162613901 62631 4255 75859 2205 0 0 0 11 0 0 0 mz-ob-wall6
1 1163110514 62653 4750 76915 3090 0 0 0 10 1 24 0 mz-ob-flag1create sign bcolor=black
1 1162620648 64594 3850 75901 3090 0 0 0 9 0 15 0 sv-gdrum1create name wd1
1 1162620648 64594 3800 75901 3090 0 0 0 10 0 198 0 sv-gdrump1create texture driftwd;activate rotate 0 -1 0 time=10 wait=200 name=gd1, rotate 0 -1  .4 time=10 wait=200 name=gr1, move 3.8 0 -6.5 time=10 wait=200 name=gr1, rotate 0 -3 0 time=10 wait=200 name=wd1
1 1162620648 64772 3850 76020 3090 0 0 0 10 0 201 0 sv-gdrump1create texture driftwd; activate rotate 0 1 0 time=10 wait=200 name=gd2, rotate  0 -.3  .8  time=10 wait=200 name=gr2, move -3.8 0 -6.5 time=10 wait=200 name=gr2, rotate 0 3 0 time=10 wait=200 name=wd2
1 1162646024 64309 4250 80096 3105 0 0 0 11 0 0 0 mz-ob-wall6
1 1163357612 65395 5570 60804 1185 0 0 0 14 2 255 0 mz-m01-staff1112create name q, solid off, light radius=5 color=red fx=fire,corona c_soft1 size=5; bump light radius=5 color=green fx=fire,corona c_soft1 size=5,corona c_soft1 size=5, light radius=5 color=red fx=fire name=r,corona c_soft1 size=5 name=r;~KrakenRacer0012~€
1 1163025684 65886 5715 60956 2400 0 0 0 9 0 233 0 cannonoldcreate name boomer; activate move 8 -63 8 time=3 wait=999 noloop name=y, rotate 6 2 -2 time=2 wait=999 noloop name=y, noise cannonbig3, move -.1 0 -0.05 time=.1, tag boom global, light radius=10 fx=fadeout, move 0 2 0 wait=99 name=xx
1 1163025685 65842 5235 60828 2100 0 0 0 20 0 14 0 mz-p01-b-lotfence01acreate name xx
1 1163025684 65689 5650 60645 300 0 0 0 15 0 0 0 mz-ob-platform1
1 1163025685 65640 5235 60945 2100 0 0 0 20 0 14 0 mz-p01-b-lotfence01acreate name yy
1 1163025684 65756 5235 60878 2100 0 0 0 20 0 14 0 mz-p01-b-lotfence01acreate name xx
1 1163025685 65554 5235 60995 2100 0 0 0 20 0 14 0 mz-p01-b-lotfence01acreate name yy
1 1163025684 65929 5235 60778 2100 0 0 0 20 0 14 0 mz-p01-b-lotfence01acreate name xx
1 1163025692 65937 5515 61060 2100 0 0 0 20 0 0 0 mz-p01-b-lotfence01a
1 1163025692 65588 5515 61259 2100 0 0 0 20 0 0 0 mz-p01-b-lotfence01a
1 1163025692 65702 5715 61036 2040 0 0 0 9 0 233 0 cannonoldcreate name boomer; activate move 8 -23 8 time=2 wait=999 noloop name=z, rotate 10 2 -2 time=2 wait=999 noloop name=z, noise cannonbig3 global, move -.1 0 -.2 time=.1, tag boom2, light radius=10 fx=fadeout, move 0 2 0 wait=99 name=yy
1 1163025692 65675 5515 61210 2100 0 0 0 20 0 0 0 mz-p01-b-lotfence01a
1 1163025692 65841 5715 61228 0 0 0 3 0 0 0 223 000000bf000000000000000000000000000000000000000000000000bf0000000000000000cdccccbd000000000000000000000000cdcccc3d00000000cdcccc3d0000003f000000000000000000000000000000000000000000000000000000000000000000000000000000000000000000000000000000000000003f0000003f0000803f00000040000000400000803f64000000640000001400b80b00006400000064000000d0070000ffffff00ffffff00295c8f3e000000000f0005000000000000000000000000705f73746172323a705f737461726d626f6f6d3200
1 1163025692 65762 5515 61160 2100 0 0 0 20 0 0 0 mz-p01-b-lotfence01a
1 1163025692 65850 5515 61110 2100 0 0 0 20 0 0 0 mz-p01-b-lotfence01a
1 1163103155 65931 5250 74736 750 0 0 0 11 0 30 0 fireaction9create texture mz-m01-rocky01a
1 1163103306 65683 6600 75924 3090 0 0 0 2 0 31 0 sbcreate visible off, sound newd1
1 1162604621 65957 3330 76426 3090 0 0 0 10 0 0 0 mz-ob-wall
1 1162513949 66570 5650 60145 3000 0 0 0 12 0 0 0 mz-ob-walk1a
1 1162694380 66570 7250 60145 300 600 0 0 10 0 73 0 mz-ob-macecreate rotate -10 0 0 time=2 loop smooth global sync;bump warp +.2 +0 +0a
1 1162944806 66015 5235 60728 2100 0 0 0 20 0 14 0 mz-p01-b-lotfence01acreate name xx
1 1162699795 66024 5515 61011 2100 0 0 0 20 0 0 0 mz-p01-b-lotfence01a
1 1162944406 66161 5715 61073 0 0 0 3 0 0 0 222 000000bf000000000000000000000000000000000000000000000000bf0000000000000000cdccccbd000000000000000000000000cdcccc3d00000000cdcccc3d0000003f000000000000000000000000000000000000000000000000000000000000000000000000000000000000000000000000000000000000003f0000003f0000803f0000c0400000c0400000803f64000000640000001400b80b00006400000064000000e8030000ffffff00ffffff00713d8a3e000000000f0004000000000000000000000000705f73746172323a705f737461726d626f6f6d32
1 1162603346 66293 4000 72755 3090 0 0 0 10 0 0 0 mz-ob-twr3
1 1163103510 66847 5650 74870 0 0 0 3 0 0 0 221 000000400000000000000000000080bfcdcccc3dcdcccc3d000000f0410000803f000000000000f0410000803f000000000000000000000000000000000000000000000000000000000000000000000000000000000000000000000000000000000000000000000000000000000000000000000000000000000000003f0000003f0000003f00000040cdcc4c3f000000400a0000000a0000000600e8030000fa0000000000000000000000fd780000f9ff06000000803f010000000d00050000000000000000000000007033323a6d33325f7366743034646f6f723131
1 1163112154 66164 4340 75161 3090 0 0 0 10 0 154 0 sv-gdrump1create texture driftwd; activate rotate 0 -1.3 0 time=.5 wait=0 name=gd2 smooth, rotate 0 1.3 0 time=.5 wait=0 name=gd1 smooth global, noise gate05 global
1 1163101480 66160 4325 75163 3090 0 0 0 9 0 15 0 sv-gdrum1create name wd2
1 1162604621 66737 3330 75806 3090 0 0 0 10 0 0 0 mz-ob-wall
1 1165007713 66569 7650 76238 3090 0 0 0 2 0 130 0 sbcreate visible off, media url=http://www.bratz.com/miuchizobjects/sounds/mz_MonsterzObst_SMX139_14.mp3 fx=3d radius=200 loop=99999
1 1165423582 66730 3600 77001 3090 0 0 0 2 0 128 0 sbcreate visible off, med url=http://www.bratz.com/miuchizobjects/sounds/mz_MonsterzObst_SMX139_14.mp3 fx=3d radius=200 loop=99999
1 1162601782 66069 4255 80173 2205 0 0 0 11 0 0 0 mz-ob-wall6
1 1162603946 67577 3000 71697 390 0 0 0 9 0 0 0 mz-ob-twr
1 1162603929 67109 3450 72069 390 0 0 0 9 0 0 0 mz-ob-twr
1 1163103155 67087 4150 73724 1281 0 0 0 11 0 15 0 mz-ob-door1create name gd1
1 1163103254 67877 5730 74935 0 0 0 3 0 0 0 223 00000000000000000000000000000000000000000000000000000000000000000000000000000000000000000000000000000000000000000000000000000000000000000000000000000000000000000000000000000000000000000000000000000000000000000000000000000000000000000000000000cdcccc3dcdcccc3dcdcccc3d000040410000404100004041dc050000dc0500000100e8030000e803000000000000f4010000ff353500ff0606000000803f010100000f00050000000000000000000000007036343a6d36345f666c6172653031646f6f723100
1 1163431156 67981 5730 75081 0 0 0 3 0 0 0 223 00000000000000000000000000000000000000000000000000000000000000000000000000000000000000000000000000000000000000000000000000000000000000000000000000000000000000000000000000000000000000000000000000000000000000000000000000000000000000000000000000cdcccc3dcdcccc3dcdcccc3d000040410000404100004041dc050000dc0500000100e8030000e803000000000000f4010000ff353500ff0606000000803f010100000f00050000000000000000000000007036343a6d36345f666c6172653031646f6f723100
1 1163103155 67517 3330 75186 3090 0 0 0 10 0 0 0 mz-ob-wall
1 1163101496 67361 4325 76634 3090 0 0 0 9 0 15 0 sv-gdrum1create name wd2
1 1163103189 67365 4320 76632 3090 0 0 0 10 0 198 0 sv-gdrump1create texture driftwd; activate rotate 0 -1 0 time=9 wait=4 name=gd1 smooth, rotate 0 1 0 time=9 wait=4 name=gd2 smooth, rotate 0 3 0 time=10 wait=200 name=wd2 global, noise gate04,tag door1 global
1 1163101996 67708 5250 77034 1500 0 0 0 11 0 30 0 fireaction9create texture mz-m01-rocky01a
1 1163005275 68796 1320 60839 2100 0 0 0 5 40 40 0 Cup1eHelp, I have fallen and I cannot get up!activate teleport 58.91N 78.55W 2.74a 10
1 1162604068 68513 2200 70953 390 0 0 0 9 0 0 0 mz-ob-twr
1 1162604376 68981 1700 70581 390 0 0 0 9 0 0 0 mz-ob-twr
1 1162604369 68513 1050 70953 390 0 0 0 9 0 0 0 mz-ob-twr
1 1162604382 68981 500 70581 390 0 0 0 9 0 0 0 mz-ob-twr
1 1162603950 68045 2600 71325 390 0 0 0 9 0 0 0 mz-ob-twr
1 1162859423 68650 4020 74229 3090 0 0 0 8 0 48 0 animate7create visible off, solid off; bump noise gate04
1 1162859423 68898 4020 74543 3090 0 0 0 8 0 48 0 animate7create visible off, solid off; bump noise gate04
1 1162604969 68893 4008 74293 3105 150 0 0 12 0 0 0 mz-ob-walk1a
1 1163103155 68969 4150 76091 3090 0 0 0 11 0 15 0 mz-ob-door1create name gd2
1 1163431150 68047 5650 76320 0 0 0 3 0 0 0 221 0000000000000000000000c0cdcccc3dcdcccc3d0000803f00000000000000803f0000f0c1000000000000803f0000f0c10000000000000000000000000000000000000000000000000000000000000000000000000000000000000000000000000000000000000000000000000000000000000000000000000000003f0000003f0000003f00000040cdcc4c3f000000400a0000000a0000000600e8030000fa0000000000000000000000fd780000f9ff06000000803f010000000d00050000000000000000000000007033323a6d33325f7366743034646f6f723131
1 1162857223 68402 4250 80278 3240 0 0 0 10 0 0 0 mz-ob-wall
1 1162699115 69926 3265 72028 0 0 0 3 0 0 0 223 000060c00000000000000000000040400000c0400000000000cdcc4cbe0000000000000000cdccccbd000000000000000000000000cdcccc3d00000000cdcccc3d0000003f000000000000000000000000000000000000000000000000000000000000000000000000000000000000000000000000000000000000c0400000c0400000803f0000c0400000c0400000803f64000000640000001400e02e000064000000b80b0000f82a0000a8a8a8004d4d4d00b81e053f000000000f0005000000000000000000000000705f73746172323a705f737461726d626f6f6d3200
1 1162696182 69621 4265 73668 3105 150 0 0 12 0 0 0 mz-ob-walk1b
1 1163357267 69615 4260 73660 3105 0 0 0 4 5 246 0 zaw2Startcreate name 0, solid off, sign bcolor=orange, light radius=5 color=red fx=fire, corona c_soft1 size=5;bump light radius=5 color=green fx=fire,corona c_soft1 size=5,corona c_soft1 size=5, light radius=5 color=red fx=fire name=1;~KrakenRacer0000~€
1 1163048717 69734 4000 77084 3090 0 0 0 10 0 0 0 mz-ob-twr3
1 1162703885 70926 1715 60378 0 0 0 3 0 0 0 220 000000bf000000000000000000000000000000000000000000000080bf0000803f000080bf0000803f00002041000040400000000000002041000000000000a040000070410000a0c00000000000000000000000000000000000000000000000000000000000000000000000000000000000000000000000000000284100002841000028410000284100002841000028410100000001000000c80088130000f4010000204e0000d0070000ec284a00b3b63200d7a3303f010300000f0002000000000000000000000000705f73746172323a705f737461726d61396f
1 1165423620 70250 7650 66057 3090 0 0 0 2 0 130 0 sbcreate visible off, media url=http://www.bratz.com/miuchizobjects/sounds/mz_MonsterzObst_SMX139_14.mp3 fx=3d radius=200 loop=99999
1 1162887546 70426 4665 72978 0 0 0 3 0 0 0 223 000000bf000000000000000000000000000000000000000000000000bf0000000000000000cdccccbd000000000000000000000000cdcccc3d00000000cdcccc3d0000003f000000000000000000000000000000000000000000000000000000000000000000000000000000000000000000000000000000000000003f0000003f0000803f0000c0400000c0400000803f64000000640000001400b80b00006400000064000000d0070000ebf437009c0a2700ec51b83e000000000f0005000000000000000000000000705f73746172323a705f737461726d626f6f6d3200
1 1162887554 70726 4615 72708 0 0 0 3 0 0 0 217 000000000000000000000000000000000000000000000000000000003f0000003f0000803f00000040000000400000004000000000000000000000000000000000cdcc4c3e000000000000000000000000000000000000000000000000000000000000000000000000000000000000000000000000000000000000803f0000c03f0000803f000040400000404000004040640000009600000004001027000000000000c8000000401f0000e9e9e900d4d4d400cdcccc3e00000000090005000000000000000000000000636f726f6e61313861626f6f6d3200
1 1162887540 70376 4665 72678 0 0 0 3 0 0 0 223 000000bf000000000000000000000000000000000000000000000080bf0000803f000080bf0000803f0000c0400000803f0000000000000000000000000000000000000000000000000000000000000000000000000000000000000000000000000000000000000000000000000000000000000000000000000000803f0000803f0000803f0000803f0000803f0000803f6400000064000000c800b80b0000640000000a000000d0070000ec284a00b3b632007b14ae3e020200000f0005000000000000000000000000705f73746172323a705f737461726d626f6f6d3200
1 1162695858 70356 4524 73040 1305 -150 0 0 12 0 13 0 mz-ob-walk1bcreate name z
1 1162603895 70674 3450 76554 390 0 0 0 9 0 0 0 mz-ob-twr
1 1162609033 71534 5650 60743 300 0 0 0 12 0 15 0 mz-ob-walk2bcreate name a12
1 1163004971 71516 1320 60942 2100 0 0 0 5 8 41 0 Cup1eSave ME!activate teleport 73.66N 84.37W 2.76a 294
1 1163357485 71582 5465 62381 330 0 0 0 13 1 253 0 mz-m01-staff88create name 8, solid off, light radius=5 color=red fx=fire,corona c_soft1 size=5; bump light radius=5 color=green fx=fire,corona c_soft1 size=5,corona c_soft1 size=5, light radius=5 color=red fx=fire name=9,corona c_soft1 size=5 name=9;~KrakenRacer0008~
1 1162607476 71845 5400 62778 2100 -365 0 0 16 0 0 0 mz-ob-walk1long4
1 1163119027 71595 5435 62346 3000 0 0 0 13 0 0 0 mz-ob-pillar1
1 1189909302 71466 1400 70149 2130 0 0 0 5 42 26 0 cup1eI am burning! take me back to the beginingactivate teleport ruinobde
1 1162696963 71825 5042 71785 1305 -150 0 0 12 0 0 0 mz-ob-walk1a
1 1162604969 71091 4783 72413 1305 -150 0 0 12 0 0 0 mz-ob-walk1b
1 1162603969 71610 2700 75810 390 0 0 0 9 0 0 0 mz-ob-twr
1 1162603966 71142 3000 76182 390 0 0 0 9 0 0 0 mz-ob-twr
1 1162857184 71642 4250 82627 3240 0 0 0 10 226 22 0 mz-ob-wallwind1n, vfx2, stonshut, sound1, rocks1, rock01, newd, newd1, newd2, ml4, ml5, machine2, machine3, inferno01, geyser1-6, gate01, fire1, explosion01, explosi3, explod, egypttomb1-7.mp3, door1, colapse, cavewater, bomb01-4, bbs10create sound arena-1-0
1 1163044332 72471 1320 60392 2100 0 0 0 5 8 41 0 Cup1eSave ME!activate teleport 73.66N 84.37W 2.76a 294
1 1162872455 72070 5620 61681 300 0 0 0 8 0 167 0 animate7create visible off, solid off; bump move 0 -45 2 time=3 wait=99999 name=a12 smooth, rotate -13 0 0 time=3 name=a12 smooth global, tag a9 global, noise inferno03 global
1 1162513949 72034 5650 61609 300 0 0 0 12 0 0 0 mz-ob-walk2a
1 1163119035 72534 5640 62475 3000 0 0 0 13 0 0 0 mz-ob-pillar1
1 1162699841 72494 1950 66784 2850 0 0 0 6 0 0 0 giant2
1 1162703562 72976 1615 68878 0 0 0 3 0 0 0 222 000000bf000000000000000000000000000000000000000000000080bf0000803f000080bf0000803f0000204100004040000000000000a040000000000000a0400000a0400000a0400000000000000000000000000000000000000000000000000000000000000000000000000000000000000000000000000000284100002841000028410000c03f00002841000028416400000064000000c80070170000f4010000b80b0000204e0000ec284a00b3b632007b14ae3e010200000f0004000000000000000000000000705f73746172323a705f737461726d626f6f6d32
1 1162696968 72605 5170 71209 1275 0 0 0 13 0 0 0 mz-ob-pillar1
1 1189909312 72060 1400 71904 2130 0 0 0 5 42 26 0 cup1eI am burning! take me back to the beginingactivate teleport ruinobde
1 1162604316 72546 1950 75066 390 0 0 0 9 0 0 0 mz-ob-twr
1 1162603993 72078 2400 75438 390 0 0 0 9 0 0 0 mz-ob-twr
1 1162604395 72546 800 75066 390 0 0 0 9 0 0 0 mz-ob-twr
1 1162794060 72999 4100 81333 2190 0 0 0 15 0 0 0 mz-m01-b-tower1
1 1162513949 73250 5650 61715 3000 0 0 0 12 0 0 0 mz-ob-walk1a
1 1162872624 73380 5570 62277 3000 0 0 0 8 0 111 0 animate7create visible off, solid off; bump rotate 0 3 0 time=10 wait=99999 name=a13 smooth global, noise gate04 global
1 1162589191 73899 1380 67977 1245 0 0 0 12 0 0 0 mz-ob-walk1b
1 1162696950 73405 5170 70609 1275 0 0 0 13 0 13 0 mz-ob-pillar1create name y
1 1162604402 73014 350 74694 390 0 0 0 9 0 0 0 mz-ob-twr
1 1162604322 73014 1500 74694 390 0 0 0 9 0 0 0 mz-ob-twr
1 1162513949 74982 5650 60715 1200 0 0 0 12 0 31 0 mz-ob-walk1bcreate rotate 0 4 0 loop global
1 1162609246 74838 5550 61464 1200 0 0 0 16 0 15 0 mz-ob-walk1long1create name a13
1 1162513949 74116 5650 61215 1200 0 0 0 12 0 0 0 mz-ob-walk1b
1 1163357472 74867 1780 67214 330 0 0 0 13 1 255 0 mz-m01-staff77create name 7, solid off, light radius=5 color=red fx=fire,corona c_soft1 size=5; bump light radius=5 color=green fx=fire,corona c_soft1 size=5,corona c_soft1 size=5, light radius=5 color=red fx=fire name=8,corona c_soft1 size=5 name=8;~KrakenRacer0007~€
1 1189909288 74316 1400 67842 2130 0 0 0 5 42 26 0 cup1eI am burning! take me back to the beginingactivate teleport ruinobde
1 1162703603 74776 1800 67191 2130 0 0 0 15 0 0 0 mz-ob-platform1
1 1162589191 74725 1380 67409 1245 0 0 0 12 0 0 0 mz-ob-walk1b
1 1162696926 74037 5200 69826 3075 0 0 0 12 0 13 0 mz-ob-walk1acreate name y
1 1162696929 74830 5200 69217 1275 0 0 0 12 0 13 0 mz-ob-walk1bcreate name y
1 1162932587 74077 5950 69796 3075 0 0 0 2 0 31 0 sbcreate visible off, sound newd1
1 1162860551 74573 5170 70155 3045 0 0 0 8 0 166 0 animate7create visible off, solid off; bump move 0 -45 2 time=2 wait=99999 name=a1 smooth, rotate 13 0 0 time=3 name=a1 smooth global, tag b1 global, noise explosion03 global
1 1162860524 74401 5200 70301 3075 0 0 0 12 0 13 0 mz-ob-walk1acreate name y
1 1162530900 74917 1380 78057 1230 0 0 0 12 0 0 0 mz-ob-walk1b
1 1162794005 74882 4250 84976 3240 0 0 0 10 0 0 0 mz-ob-wall
1 1162513949 75848 5650 60215 1200 0 0 0 12 0 0 0 mz-ob-walk1a
1 1163112731 75520 1470 62151 2100 0 0 0 5 8 41 0 Cup1eSave ME!activate teleport 73.66N 84.37W 2.76a 294
1 1162589200 75551 1380 66842 1245 0 0 0 12 0 0 0 mz-ob-walk1b
1 1189909477 75514 1400 66954 2130 0 0 0 5 42 26 0 cup1eI am burning! take me back to the beginingactivate teleport ruinobde
1 1162703553 75576 1715 66828 0 0 0 3 0 0 0 222 000000bf000000000000000000000000000000000000000000000080bf0000803f000080bf0000803f00002041000040400000000000002041000000000000a040000070410000a0c00000000000000000000000000000000000000000000000000000000000000000000000000000000000000000000000000000284100002841000028410000284100002841000028410100000001000000c80088130000f4010000204e0000d0070000ec284a00b3b63200d7a3303f010300000f0004000000000000000000000000705f73746172323a705f737461726d626f6f6d32
1 1162702567 75526 4665 67678 0 0 0 3 0 0 0 222 000060c00000000000000000000040400000c0400000000000cdcc4cbe0000000000000000cdccccbd000000000000000000000000cdcccc3d00000000cdcccc3d0000003f000000000000000000000000000000000000000000000000000000000000000000000000000000000000000000000000000000000000c0400000c0400000803f0000c0400000c0400000803f64000000640000001400e02e000064000000b80b0000f82a0000a8a8a8004d4d4d00b81e053f000000000f0004000000000000000000000000705f73746172323a705f737461726d626f6f6d32
1 1162703619 75326 1715 68778 0 0 0 3 0 0 0 222 000000bf000000000000000000000000000000000000000000000080bf0000803f000080bf0000803f0000204100004040000000000000a040000000000000a0400000a0400000a0400000000000000000000000000000000000000000000000000000000000000000000000000000000000000000000000000000284100002841000028410000c03f00002841000028416400000064000000c80070170000f4010000b80b0000204e0000ec284a00b3b632007b14ae3e010200000f0004000000000000000000000000705f73746172323a705f737461726d626f6f6d32
1 1163112302 75624 5200 68608 1275 0 0 0 12 0 44 0 mz-ob-walk1bcreate name y, rotate 0 4 0 loop global sync
1 1162860506 75626 1715 68728 0 0 0 3 0 0 0 220 000000bf000000000000000000000000000000000000000000000080bf0000803f000080bf0000803f00002041000040400000000000002041000000000000a040000070410000a0c00000000000000000000000000000000000000000000000000000000000000000000000000000000000000000000000000000284100002841000028410000284100002841000028410100000001000000c80088130000f4010000204e0000d0070000ec284a00b3b63200d7a3303f010300000f0002000000000000000000000000705f73746172323a705f737461726d623100
1 1162525380 75989 5200 69084 1275 0 0 0 12 0 14 0 mz-ob-walk1bcreate name a1
1 1162696922 75196 5200 69692 1275 0 0 0 12 0 13 0 mz-ob-walk1bcreate name y
1 1162703549 75226 1815 70678 0 0 0 3 0 0 0 222 000000bf000000000000000000000000000000000000000000000080bf0000803f000080bf0000803f0000204100004040000000000000a040000000000000a0400000a0400000a0400000000000000000000000000000000000000000000000000000000000000000000000000000000000000000000000000000284100002841000028410000c03f00002841000028416400000064000000c80070170000f4010000b80b0000204e0000ec284a00b3b632007b14ae3e010200000f0004000000000000000000000000705f73746172323a705f737461726d626f6f6d32
1 1162530900 75757 1380 77513 1230 0 0 0 12 0 0 0 mz-ob-walk1b
1 1162703553 76526 1665 65728 0 0 0 3 0 0 0 222 000028c1000000000000204100000000000000000000000000000080bf0000803f000080bf0000803f0000204100004040000000000000a040000000000000a0400000a0400000a0400000000000000000000000000000000000000000000000000000000000000000000000000000000000000000000000000000284100002841000028410000c03f00002841000028416400000064000000c80088130000900100000807000050460000ec284a00b3b632007b14ae3e010200000f0004000000000000000000000000705f73746172323a705f737461726d626f6f6d32
1 1162699301 76576 5115 67528 0 0 0 3 0 0 0 222 000000bf000000000000000000000000000000000000000000000000bf0000000000000000cdccccbd000000000000000000000000cdcccc3d00000000cdcccc3d0000003f000000000000000000000000000000000000000000000000000000000000000000000000000000000000000000000000000000000000003f0000003f0000803f0000c0400000c0400000803f64000000640000001400b80b00006400000064000000d0070000ebf437009c0a2700ec51b83e000000000f0004000000000000000000000000705f73746172323a705f737461726d626f6f6d32
1 1162696889 76417 5200 67999 1275 0 0 0 12 0 13 0 mz-ob-walk1acreate name y
1 1162699292 76826 5115 67278 0 0 0 3 0 0 0 222 000000bf000000000000000000000000000000000000000000000080bf0000803f000080bf0000803f0000c0400000803f0000000000000000000000000000000000000000000000000000000000000000000000000000000000000000000000000000000000000000000000000000000000000000000000000000803f0000803f0000803f0000803f0000803f0000803f6400000064000000c800b80b0000640000000a000000d0070000ec284a00b3b632007b14ae3e020200000f0004000000000000000000000000705f73746172323a705f737461726d626f6f6d32
1 1162696912 76782 5200 68475 1275 0 0 0 12 0 13 0 mz-ob-walk1acreate name y
1 1163822797 76812 11750 72721 0 0 0 2 0 0 0 51 0000964300004843000096430000000000803f0000803f4000594f520032005802000000000000000000000000000000000000
1 1162608371 76993 1380 73197 345 0 0 0 16 0 0 0 mz-ob-walk1long2
1 1162526246 76996 5185 73649 3015 0 0 0 12 0 0 0 mz-ob-walk1a
1 1162526246 76143 5185 74172 3015 0 0 0 13 0 0 0 mz-ob-pillar1
1 1162526246 76666 5185 75024 3015 0 0 0 13 0 0 0 mz-ob-pillar1
1 1162793857 76724 4250 86183 3240 0 0 0 10 0 0 0 mz-ob-twr1
1 1162932544 77377 5950 60196 3075 0 0 0 2 0 31 0 sbcreate visible off, sound newd1
1 1162699404 77726 5140 67928 0 0 0 3 0 0 0 216 000000000000000000000000000000000000000000000000000000003f0000003f0000803f00000040000000400000004000000000000000000000000000000000cdcc4c3e000000000000000000000000000000000000000000000000000000000000000000000000000000000000000000000000000000000000803f0000c03f0000803f000040400000404000004040640000009600000004001027000000000000c8000000401f0000e9e9e900d4d4d400cdcccc3e00000000090004000000000000000000000000636f726f6e61313861626f6f6d32
1 1163357135 77487 5220 67426 3075 0 0 0 13 1 233 0 mz-m01-staff11create name 1, solid off, light radius=5 color=red fx=fire,corona c_soft1 size=5; bump light radius=5 color=green fx=fire,corona c_soft1 size=5, light radius=5 color=red fx=fire name=2,corona c_soft1 size=5 name=2;~KrakenRacer0001~€
1 1162866291 77393 5200 67629 375 0 0 0 13 0 13 0 mz-ob-pillar1create name y
1 1162866280 77938 5170 68189 2160 0 0 0 8 0 108 0 animate7create visible off, solid off; bump move .2 .01 .05 time=.1 loop smooth name=a1d smooth global, sound rock01
1 1162530860 77261 1380 73674 345 0 0 0 12 0 0 0 mz-ob-walk1b
1 1162526246 77848 5185 73127 1215 0 0 0 12 0 0 0 mz-ob-walk1b
1 1162608776 77516 5185 74509 3015 0 0 0 12 0 0 0 mz-ob-walk1a
1 1162530860 77827 1380 74500 345 0 0 0 12 0 0 0 mz-ob-walk1b
1 1162526247 77188 5185 75877 3015 0 0 0 13 0 0 0 mz-ob-pillar1
1 1165423609 77504 7650 75183 3090 0 0 0 2 0 130 0 sbcreate visible off, media url=http://www.bratz.com/miuchizobjects/sounds/mz_MonsterzObst_SMX139_14.mp3 fx=3d radius=200 loop=99999
1 1162526639 77562 5175 76670 2100 0 0 0 12 0 0 0 mz-ob-walk2a
1 1162886543 77717 5950 78816 3075 0 0 0 2 0 31 0 sbcreate visible off, sound newd3
1 1163049450 78205 1320 60601 2100 0 0 0 5 8 41 0 Cup1eSave ME!activate teleport 73.66N 84.37W 2.76a 294
1 1162571109 78984 5650 61640 300 0 0 0 13 0 0 0 mz-ob-pillar2
1 1162703590 78476 1665 66678 0 0 0 3 0 0 0 220 000000bf000000000000000000000000000000000000000000000080bf0000803f000080bf0000803f00002041000040400000000000002041000000000000a040000070410000a0c00000000000000000000000000000000000000000000000000000000000000000000000000000000000000000000000000000284100002841000028410000284100002841000028410100000001000000c80088130000f4010000204e0000d0070000ec284a00b3b63200d7a3303f010300000f0002000000000000000000000000705f73746172323a705f737461726d61336f
1 1189909496 78661 1350 66771 2130 0 0 0 5 42 26 0 cup1eI am burning! take me back to the beginingactivate teleport ruinobde
1 1162865510 78245 5200 67093 3075 0 0 0 12 0 13 0 mz-ob-walk1acreate name y
1 1162649099 78998 5195 69551 2175 0 0 0 13 0 15 0 mz-ob-pillar2create name a1d
1 1162526246 78701 5585 72604 1215 0 0 0 12 0 44 0 mz-ob-walk1bcreate move 0 -8 0 time=6 global smooth sync
1 1162526246 78371 5185 73979 1215 0 0 0 12 0 0 0 mz-ob-walk1b
1 1163112463 78919 2600 73935 300 0 0 4 12 0 0 50 mz-ob-walk1a0001f08d000300000000000008070000000a0a000064000000000000000000000000000800000000006d616368696e653300
1 1162526517 78893 5185 74832 1215 0 0 0 12 0 14 0 mz-ob-walk1bcreate name a2
1 1162866406 78876 1715 74528 0 0 0 3 0 0 0 220 000000bf000000000000000000000000000000000000000000000080bf0000803f000080bf0000803f00002041000040400000000000002041000000000000a040000070410000a0c00000000000000000000000000000000000000000000000000000000000000000000000000000000000000000000000000000284100002841000028410000284100002841000028410100000001000000c80088130000f4010000204e0000d0070000ec284a00b3b63200d7a3303f010300000f0002000000000000000000000000705f73746172323a705f737461726d623400
1 1162526522 78041 5185 75354 3015 0 0 0 12 0 14 0 mz-ob-walk1acreate name a2
1 1189909329 78976 1400 75294 2130 0 0 0 5 8 26 0 cup1eSave ME!activate teleport ruinobde
1 1162530861 78394 1380 75325 345 0 0 0 12 0 0 0 mz-ob-walk1b
1 1162526639 78062 5175 77536 300 0 0 0 12 0 0 0 mz-ob-walk2b
1 1162868240 78562 5175 78402 300 0 0 0 12 0 0 0 mz-ob-walk2b
1 1163109794 78437 5170 78186 2100 0 0 0 8 0 110 0 animate7create visible off, solid off; bump move 0 -14.5 0 time=3 wait=99999 name=a3 smooth global, noise door4 global
1 1162572185 78625 4250 87092 3390 0 0 0 10 0 0 0 mz-ob-wall
1 1162647019 79833 5200 65876 1275 0 0 0 12 0 0 0 mz-ob-walk1b
1 1162865542 79735 5170 65999 1290 0 0 0 8 0 166 0 animate7create visible off, solid off; bump move 0 -45 2 time=2 wait=99999 name=a1b smooth, rotate 13 0 0 time=3 name=a1b smooth global, tag a3 global, noise inferno03 global
1 1189909516 79081 1800 66501 2130 0 0 0 5 20 26 0 cup1eBack to the beginingactivate teleport ruinobde
1 1162647567 79255 1800 66033 2130 0 0 0 15 0 0 0 mz-ob-platform1
1 1189909512 79753 1800 66069 2130 0 0 0 5 20 26 0 cup1eBack to the beginingactivate teleport ruinobde
1 1162647014 79040 5200 66484 1275 0 0 0 12 0 15 0 mz-ob-walk1bcreate name a1b
1 1162866208 79466 5170 66140 3045 0 0 0 8 0 164 0 animate7create visible off, solid off; bump move 0 -45 2 time=2 wait=99999 name=a1c smooth, rotate 13 0 0 time=3 name=a1c smooth global, tag a2 global, noise volcano global
1 1162530881 79721 1380 71994 345 0 0 0 12 0 0 0 mz-ob-walk1b
1 1162608367 79412 1390 71545 345 0 0 0 16 0 0 0 mz-ob-walk1long2
1 1162526246 79554 5185 72082 1215 0 0 0 12 0 0 0 mz-ob-walk1a
1 1162526356 79224 5185 73457 1215 0 0 0 12 0 43 0 mz-ob-walk1bcreate move 3 0 5 time=6 global smooth sync
1 1163112463 79406 2750 74578 2100 0 0 0 14 0 15 0 mz-ob-pillar1screate name a10
1 1162530900 79977 1380 74788 1230 0 0 0 12 0 0 0 mz-ob-walk1b
1 1162620785 79746 5185 74309 1215 0 0 0 12 0 0 0 mz-ob-walk1b
1 1163649740 79537 2770 74736 300 0 0 0 8 0 93 0 animate7create visible off, solid off; bump move 0 -10 0 time=10 wait=5 smooth name=a10 smooth global
1 1162866366 79937 5170 74180 1200 0 0 0 8 0 164 0 animate7create visible off, solid off; bump move 0 -45 2 time=2 wait=99999 name=a2 smooth, rotate 13 0 0 time=3 name=a2 smooth global, tag b4 global, noise inferno03 global
1 1163112463 79533 2750 75197 2100 0 0 0 14 0 14 0 mz-ob-pillar1screate name a9
1 1163649734 79622 2770 75382 300 0 0 0 8 0 92 0 animate7create visible off, solid off; bump move 0 -10 0 time=10 wait=5 smooth name=a9 smooth global
1 1162872254 79933 2750 75888 2100 0 0 0 15 0 0 0 mz-ob-platform1
1 1163357459 79874 2720 75926 1230 0 0 0 13 1 255 0 mz-m01-staff66create name 6, solid off, light radius=5 color=red fx=fire,corona c_soft1 size=5; bump light radius=5 color=green fx=fire,corona c_soft1 size=5,corona c_soft1 size=5, light radius=5 color=red fx=fire name=7,corona c_soft1 size=5 name=7;~KrakenRacer0006~€
1 1189909342 79444 1400 75468 2130 0 0 0 5 8 26 0 cup1eSave ME!activate teleport ruinobde
1 1162530900 79137 1380 75332 1230 0 0 0 12 0 0 0 mz-ob-walk1b
1 1162527300 79062 5175 79268 300 0 0 0 12 0 0 0 mz-ob-walk2a
1 1162526868 79780 5850 80012 3000 0 0 0 15 0 14 0 mz-ob-platform1create name a3
1 1162878008 80234 5650 63805 3000 0 0 0 13 0 0 0 mz-ob-pillar1
1 1163357554 80260 5680 63801 2085 0 0 0 13 1 255 0 mz-m01-staff99create name 9, solid off, light radius=5 color=red fx=fire,corona c_soft1 size=5; bump light radius=5 color=green fx=fire,corona c_soft1 size=5,corona c_soft1 size=5, light radius=5 color=red fx=fire name=p,corona c_soft1 size=5 name=p;~KrakenRacer0009~€
1 1162887872 80789 5535 63305 265 0 0 4 4 0 0 55 cup20001f08de502b0ff00000000840342ff9c640000646400000000000000000000000800050000000000717369746d616c65747261696e32
1 1162647075 80869 5200 64573 2175 0 0 0 12 0 15 0 mz-ob-walk1acreate name a1c
1 1162873028 80491 5711 64446 3000 -8 110 4 4 0 0 56 cup20001f08de702f1ff28000000840342ff648c0092646400000000000000000000000800060000000000717369746d616c65726f636b303176
1 1162647079 80626 5200 65267 1275 0 0 0 12 0 15 0 mz-ob-walk1bcreate name a1c
1 1162703479 80376 1665 65528 0 0 0 3 0 0 0 220 000000bf000000000000000000000000000000000000000000000080bf0000803f000080bf0000803f00002041000040400000000000002041000000000000a040000070410000a0c00000000000000000000000000000000000000000000000000000000000000000000000000000000000000000000000000000284100002841000028410000284100002841000028410100000001000000c80088130000f4010000204e0000d0070000ec284a00b3b63200d7a3303f010300000f0002000000000000000000000000705f73746172323a705f737461726d61326f
1 1189909538 80032 1450 65118 2130 0 0 0 5 42 26 0 cup1eI am burning! take me back to the beginingactivate teleport ruinobde
1 1162526246 80406 5185 71559 3015 0 0 0 13 0 0 0 mz-ob-pillar1
1 1162588301 80076 5185 72934 1215 0 0 0 12 0 0 0 mz-ob-walk1a
1 1162588308 80287 1405 72819 345 0 0 0 12 0 0 0 mz-ob-walk1b
1 1162588318 80060 5185 72933 3030 0 0 0 10 0 0 0 mz-ob-tar1
1 1162588303 80929 5185 72412 3015 0 0 0 13 0 0 0 mz-ob-pillar1
1 1162588361 80161 5185 72893 0 0 0 2 0 0 0 51 000080400000003f000080400001010000803f000070410000ffffff000100c409000000000000000000000000000000000000
1 1162526247 80599 5185 73787 1215 0 0 0 12 0 0 0 mz-ob-walk1a
1 1162530881 80854 1380 73645 345 0 0 0 12 0 0 0 mz-ob-walk1b
1 1162530900 80817 1380 74243 1230 0 0 0 12 0 0 0 mz-ob-walk1b
1 1189909364 80026 1400 74619 2130 0 0 0 5 8 26 0 cup1eSave ME!activate teleport ruinobde
1 1162529583 80937 2755 75637 3000 0 0 0 12 0 0 0 mz-ob-walk1a
1 1162940618 80677 2750 76846 3075 0 0 0 2 0 32 0 sbcreate visible off, sound elava1
1 1162526873 80646 5850 79512 3000 0 0 0 12 0 14 0 mz-ob-walk3acreate name a3
1 1163357394 80092 4395 79894 3030 0 0 0 13 1 255 0 mz-m01-staff22create name 2, solid off, light radius=5 color=red fx=fire,corona c_soft1 size=5; bump light radius=5 color=green fx=fire,corona c_soft1 size=5,corona c_soft1 size=5, light radius=5 color=red fx=fire name=3,corona c_soft1 size=5 name=3;~KrakenRacer0002~€
1 1162574256 80494 4250 87572 3540 0 0 0 10 0 0 0 mz-ob-twr1
1 1162692716 81342 6073 65977 284 -121 -9 0 12 0 0 0 mz-ob-track2
1 1163202151 81961 5655 68277 2985 0 105 0 11 0 18 0 mz-ob-wall6create visible off
1 1162650475 81597 5180 70870 2115 0 300 0 13 0 127 0 mz-ob-lever1bcreate name a20, visible on; activate rotate 0 0 -8 time=2 wait=17, move -2 .01 1.15 time=.5 loop smooth name=a1d smooth global
1 1162649012 81597 5180 70870 2115 0 0 0 13 0 27 0 mz-ob-lever1acreate name a20, visible on
1 1162648803 81281 5185 71074 3000 0 0 0 12 0 0 0 mz-ob-walk1a
1 1162526387 81449 5185 73272 3015 0 0 0 13 0 0 0 mz-ob-pillar1
1 1162690007 81802 2755 75138 3000 0 0 0 12 0 15 0 mz-ob-walk1bcreate name a1l
1 1162527460 81258 2500 78121 2100 0 0 0 13 0 14 0 mz-ob-pillar1create name a4
1 1162526853 81551 4400 79054 2100 0 0 0 13 0 0 0 mz-ob-pillar1
1 1162869140 81158 4370 79280 3000 0 0 0 8 0 180 0 animate7create visible off, solid off; bump move 0 25 0 time=2 wait=999 name=a4 smooth global, move 0 30 0 time=1 wait=999 name=a5 smooth global, visible a20 on global, noise bomb07 global
1 1162741835 82190 4708 62585 1179 268 -15 0 12 0 0 0 mz-ob-track2
1 1163202151 82929 5655 67749 2985 0 105 0 11 0 18 0 mz-ob-wall6create visible off
1 1163113446 82540 4370 68734 300 0 0 0 8 0 90 0 animate7create visible off, solid off; bump move 0 -14.5 0 time=3 wait=99999 name=a6 smooth global
1 1162528954 82317 4400 68278 2100 0 0 0 15 0 14 0 mz-ob-platform1create name a6
1 1163357415 82576 4350 68711 330 0 0 0 13 1 255 0 mz-m01-staff33create name 3, solid off, light radius=5 color=red fx=fire,corona c_soft1 size=5; bump light radius=5 color=green fx=fire,corona c_soft1 size=5,corona c_soft1 size=5, light radius=5 color=red fx=fire name=4,corona c_soft1 size=5 name=4;~KrakenRacer0003~€
1 1162529552 82670 2755 74638 1200 0 0 0 12 0 0 0 mz-ob-walk1a
1 1162689050 82493 2750 75428 2100 0 0 0 12 0 0 0 mz-ob-walk1a
1 1162689093 82993 2750 76288 2100 0 0 0 12 0 0 0 mz-ob-walk1b
1 1162872169 82919 2770 76113 300 0 0 0 8 0 160 0 animate7create visible off, solid off; bump rotate -2 0 0 time=2 wait=99 name=a1l smooth global, move 0 -3 0 time=2 wait=99 name=a1l smooth global, noise volcano global
1 1162527449 82528 2000 77417 1950 0 0 0 13 0 14 0 mz-ob-pillar1create name a4
1 1162527394 82762 2150 79740 2100 0 0 0 13 0 14 0 mz-ob-pillar1create name a4
1 1162572854 82485 4250 87448 90 0 0 0 10 0 0 0 mz-ob-wall
1 1162788036 83612 3605 61199 273 -3 -259 0 11 0 18 0 mz-ob-wall6create visible off
1 1162886532 83591 3550 67648 3015 0 0 0 2 0 32 0 sbcreate visible off, sound beep12
1 1162529082 83216 2975 67833 3000 0 0 0 12 0 0 0 mz-ob-walk2a
1 1162653631 83137 4216 69768 690 0 0 0 13 0 15 0 mz-ob-needle1create name a1h
1 1162653631 83167 4221 69835 390 0 0 0 13 0 15 0 mz-ob-needle2create name a1g
1 1162908649 83206 4365 69307 2115 0 300 0 13 0 218 0 mz-ob-lever1bcreate name a20, visible on; activate rotate 0 0 -5 time=2 wait=17, move 0 1.5 0 loop time=1 name=a1f global, move 0 1.8 0 loop time=1.2 name=a1g global, move 0 1.3 0 loop time=1.4 name=a1h global, sound spikes5 global
1 1162653631 83115 4216 69846 90 0 0 0 13 0 15 0 mz-ob-needle1create name a1h
1 1162653631 83210 4216 69584 690 0 0 0 13 0 15 0 mz-ob-needle2create name a1f
1 1162653631 83213 4190 69831 90 0 0 0 13 0 15 0 mz-ob-needle2create name a1g
1 1162653652 83265 4246 69530 1440 0 0 0 13 0 15 0 mz-ob-needle1create name a1h
1 1162873660 83394 6920 69772 2040 0 0 0 8 0 48 0 animate7create visible off, solid off; bump noise bomb02
1 1162653631 83232 4220 69723 3240 0 0 0 13 0 15 0 mz-ob-needle2create name a1g
1 1162653630 83064 4216 69892 390 0 0 0 13 0 15 0 mz-ob-needle2create name a1f
1 1162653631 83258 4191 69735 390 0 0 0 13 0 15 0 mz-ob-needle2create name a1g
1 1162653630 83206 4365 69307 2115 0 0 0 13 0 27 0 mz-ob-lever1acreate name a20, visible on
1 1162653631 83229 4191 69912 390 0 0 0 13 0 15 0 mz-ob-needle2create name a1g
1 1162653652 83151 4215 69600 690 0 0 0 13 0 15 0 mz-ob-needle2create name a1f
1 1162653631 83320 4246 69813 390 0 0 0 13 0 15 0 mz-ob-needle1create name a1h
1 1162653631 83227 4246 69930 90 0 0 0 13 0 15 0 mz-ob-needle1create name a1h
1 1162653631 83164 4246 69839 90 0 0 0 13 0 15 0 mz-ob-needle2create name a1f
1 1162653631 83114 4245 69882 3240 0 0 0 13 0 15 0 mz-ob-needle1create name a1h
1 1162653630 83068 4216 69857 90 0 0 0 13 0 15 0 mz-ob-needle2create name a1f
1 1162653631 83093 4215 69744 3240 0 0 0 13 0 15 0 mz-ob-needle1create name a1h
1 1162653631 83133 4245 69773 3240 0 0 0 13 0 15 0 mz-ob-needle2create name a1f
1 1162653631 83328 4246 69965 2338 0 0 0 13 0 15 0 mz-ob-needle2create name a1f
1 1162653631 83082 4221 69639 690 0 0 0 13 0 15 0 mz-ob-needle2create name a1g
1 1162653631 83156 4246 69721 690 0 0 0 13 0 15 0 mz-ob-needle2create name a1f
1 1162653630 83151 4216 69974 390 0 0 0 13 0 15 0 mz-ob-needle1create name a1h
1 1162653654 83041 4246 69706 690 0 0 0 13 0 15 0 mz-ob-needle1create name a1h
1 1162653631 83173 4191 69675 690 0 0 0 13 0 15 0 mz-ob-needle2create name a1g
1 1162653631 83319 4246 69989 2038 0 0 0 13 0 15 0 mz-ob-needle1create name a1h
1 1162653631 83357 4216 69925 2338 0 0 0 13 0 15 0 mz-ob-needle1create name a1h
1 1162692716 83212 6918 69411 284 -121 -9 0 12 0 0 0 mz-ob-track2
1 1162653631 83190 4246 69943 390 0 0 0 13 0 15 0 mz-ob-needle2create name a1f
1 1162653631 83174 4190 69803 3240 0 0 0 13 0 15 0 mz-ob-needle2create name a1g
1 1162653631 83198 4221 69734 90 0 0 0 13 0 15 0 mz-ob-needle2create name a1g
1 1162653633 83378 4221 70064 2338 0 0 0 13 0 15 0 mz-ob-needle2create name a1g
1 1162653632 83220 4246 70301 390 0 0 0 13 0 15 0 mz-ob-needle2create name a1f
1 1162653632 83386 4246 70629 3240 0 0 0 13 0 15 0 mz-ob-needle2create name a1f
1 1162653632 83723 4246 70977 840 0 0 0 13 0 15 0 mz-ob-needle2create name a1f
1 1162653631 83094 4216 70249 390 0 0 0 13 0 15 0 mz-ob-needle2create name a1f
1 1162653632 83366 4246 70738 3240 0 0 0 13 0 15 0 mz-ob-needle1create name a1h
1 1162653632 83418 4190 70611 2790 0 0 0 13 0 15 0 mz-ob-needle2create name a1g
1 1162653632 83630 4221 70917 840 0 0 0 13 0 15 0 mz-ob-needle2create name a1g
1 1162653632 83498 4221 70402 2338 0 0 0 13 0 15 0 mz-ob-needle2create name a1g
1 1162653631 83463 4246 70540 240 0 0 0 13 0 15 0 mz-ob-needle2create name a1f
1 1162653632 83544 4216 70460 2638 0 0 0 13 0 15 0 mz-ob-needle1create name a1h
1 1162653633 83358 4191 70081 2038 0 0 0 13 0 15 0 mz-ob-needle2create name a1g
1 1162653632 83426 4191 70659 3240 0 0 0 13 0 15 0 mz-ob-needle2create name a1g
1 1162653632 83419 4191 70344 2338 0 0 0 13 0 15 0 mz-ob-needle2create name a1g
1 1162653633 83546 4216 70378 2038 0 0 0 13 0 15 0 mz-ob-needle1create name a1h
1 1162653633 83454 4191 70418 2038 0 0 0 13 0 15 0 mz-ob-needle2create name a1g
1 1162653631 83468 4221 70430 240 0 0 0 13 0 15 0 mz-ob-needle2create name a1g
1 1162653632 83234 4246 70281 90 0 0 0 13 0 15 0 mz-ob-needle1create name a1h
1 1162653631 83599 4216 70481 240 0 0 0 13 0 15 0 mz-ob-needle2create name a1f
1 1162653632 83181 4216 70332 390 0 0 0 13 0 15 0 mz-ob-needle1create name a1h
1 1162653631 83330 4246 70722 3540 0 0 0 13 0 15 0 mz-ob-needle2create name a1f
1 1162653632 83631 4221 70570 2638 0 0 0 13 0 15 0 mz-ob-needle2create name a1g
1 1162653633 83449 4216 70041 2038 0 0 0 13 0 15 0 mz-ob-needle1create name a1h
1 1162653632 83205 4221 70085 90 0 0 0 13 0 15 0 mz-ob-needle2create name a1g
1 1162653633 83404 4246 70060 2038 0 0 0 13 0 15 0 mz-ob-needle2create name a1f
1 1162653632 83122 4216 70197 90 0 0 0 13 0 15 0 mz-ob-needle1create name a1h
1 1162653632 83521 4216 70656 2638 0 0 0 13 0 15 0 mz-ob-needle2create name a1f
1 1162653633 83547 4245 70453 1588 0 0 0 13 0 15 0 mz-ob-needle2create name a1f
1 1162653631 83380 4191 70727 3540 0 0 0 13 0 15 0 mz-ob-needle2create name a1g
1 1162653632 83484 4221 70579 3240 0 0 0 13 0 15 0 mz-ob-needle2create name a1g
1 1162653631 83346 4216 70600 3240 0 0 0 13 0 15 0 mz-ob-needle1create name a1h
1 1162653633 83397 4221 70171 2038 0 0 0 13 0 15 0 mz-ob-needle2create name a1g
1 1162653633 83448 4246 70304 2338 0 0 0 13 0 15 0 mz-ob-needle2create name a1f
1 1162653657 83124 4216 70200 90 0 0 0 13 0 15 0 mz-ob-needle2create name a1f
1 1162653632 83740 4216 70830 840 0 0 0 13 0 15 0 mz-ob-needle2create name a1f
1 1162653631 83508 4191 70520 240 0 0 0 13 0 15 0 mz-ob-needle2create name a1g
1 1162653632 83767 4221 70978 240 0 0 0 13 0 15 0 mz-ob-needle2create name a1g
1 1162653633 83538 4245 70343 1588 0 0 0 13 0 15 0 mz-ob-needle1create name a1h
1 1162653631 83390 4221 70629 3540 0 0 0 13 0 15 0 mz-ob-needle2create name a1g
1 1162653632 83538 4246 70509 2638 0 0 0 13 0 15 0 mz-ob-needle2create name a1f
1 1162653631 83417 4216 70560 240 0 0 0 13 0 15 0 mz-ob-needle1create name a1h
1 1162653633 83500 4246 70398 2038 0 0 0 13 0 15 0 mz-ob-needle2create name a1f
1 1162653633 83500 4190 70435 1588 0 0 0 13 0 15 0 mz-ob-needle2create name a1g
1 1162653632 83319 4245 70624 2790 0 0 0 13 0 15 0 mz-ob-needle1create name a1h
1 1162653632 83410 4245 70561 2790 0 0 0 13 0 15 0 mz-ob-needle2create name a1f
1 1162653633 83416 4246 70326 2038 0 0 0 13 0 15 0 mz-ob-needle1create name a1h
1 1162653633 83494 4221 70508 2038 0 0 0 13 0 15 0 mz-ob-needle2create name a1g
1 1162653632 83197 4221 70193 390 0 0 0 13 0 15 0 mz-ob-needle2create name a1g
1 1162653632 83797 4220 70959 3390 0 0 0 13 0 15 0 mz-ob-needle2create name a1g
1 1162653632 83171 4246 70190 90 0 0 0 13 0 15 0 mz-ob-needle2create name a1f
1 1162653632 83533 4191 70559 2638 0 0 0 13 0 15 0 mz-ob-needle2create name a1g
1 1162653633 83464 4220 70527 1588 0 0 0 13 0 15 0 mz-ob-needle2create name a1g
1 1163050022 83567 4400 70443 300 0 0 0 13 0 0 0 mz-ob-pillar3
1 1162653632 83220 4190 70182 90 0 0 0 13 0 15 0 mz-ob-needle2create name a1g
1 1162653632 83403 4215 70512 2790 0 0 0 13 0 15 0 mz-ob-needle1create name a1h
1 1162653632 83593 4215 70472 1588 0 0 0 13 0 15 0 mz-ob-needle1create name a1h
1 1162653633 83478 4216 70264 2338 0 0 0 13 0 15 0 mz-ob-needle1create name a1h
1 1162653632 83728 4191 70927 840 0 0 0 13 0 15 0 mz-ob-needle2create name a1g
1 1162653632 83515 4220 70595 2790 0 0 0 13 0 15 0 mz-ob-needle2create name a1g
1 1162653633 83668 4215 71015 3390 0 0 0 13 0 15 0 mz-ob-needle1create name a1h
1 1162653633 83763 4221 71084 540 0 0 0 13 0 15 0 mz-ob-needle2create name a1g
1 1162653633 83724 4245 71143 3390 0 0 0 13 0 15 0 mz-ob-needle1create name a1h
1 1162653633 83717 4216 71026 840 0 0 0 13 0 15 0 mz-ob-needle1create name a1h
1 1162653633 83761 4190 71051 3390 0 0 0 13 0 15 0 mz-ob-needle2create name a1g
1 1162653633 83814 4246 71182 540 0 0 0 13 0 15 0 mz-ob-needle2create name a1f
1 1162653633 83715 4245 71033 3390 0 0 0 13 0 15 0 mz-ob-needle2create name a1f
1 1162653633 83846 4246 71159 240 0 0 0 13 0 15 0 mz-ob-needle1create name a1h
1 1162653633 83761 4246 71088 240 0 0 0 13 0 15 0 mz-ob-needle2create name a1f
1 1162653633 83843 4191 71142 540 0 0 0 13 0 15 0 mz-ob-needle2create name a1g
1 1162653633 83807 4191 71068 240 0 0 0 13 0 15 0 mz-ob-needle2create name a1g
1 1162653633 83716 4216 71108 240 0 0 0 13 0 15 0 mz-ob-needle1create name a1h
1 1162529511 83536 2755 74138 3000 0 0 0 12 0 0 0 mz-ob-walk1a
1 1162689931 83493 2750 77152 300 0 0 0 12 0 0 0 mz-ob-walk1a
1 1162689364 83716 4400 77804 3000 0 0 0 13 0 15 0 mz-ob-pillar3create name a1k
1 1162703732 83226 1615 78128 0 0 0 3 0 0 0 220 000000bf000000000000000000000000000000000000000000000080bf0000803f000080bf0000803f0000204100004040000000000000a040000000000000a0400000a0400000a0400000000000000000000000000000000000000000000000000000000000000000000000000000000000000000000000000000284100002841000028410000c03f00002841000028416400000064000000c80070170000f4010000b80b0000204e0000ec284a00b3b632007b14ae3e010200000f0002000000000000000000000000705f73746172323a705f737461726d61386f
1 1162527400 83801 2450 79140 2100 0 0 0 13 0 14 0 mz-ob-pillar1create name a4