atdump version 4
0 Y
1 N
2 Y
3 Y
4 Y
5 Y
6 Y
7 Y
8 Y
9 N
10 209
11 209
12 209
13 1
14 
15 1
17 1
18 2.000000
19 30000
20 cloud_strat1m
21 192
22 0.000000
23 0.000000
24 cloud_strat1
25 4.000000
26 cloud_strat1m
27 163
28 0.200000
29 0.300000
30 cloud_strat1
31 2.000000
32 
33 0
34 0.000000
35 0.000000
36 
37 0.000000
39 N
40 N
41 Y
42 1
43 1
44 N
45 Y
46 *
47 1.78N 1.02E 0.90a 180
49 255
50 N
51 138
52 120
53 0
54 138
55 1.000000
56 mz-b01-b-mall6
57 
58 
59 160
60 N
61 N
62 0
63 160
64 
65 160
66 
67 -0.800000
68 -3.910000
69 -0.200000
70 10
72 100
74 86a8e2b16767aa6d630778a91e
76 http://connect.miuchiz.com/objects/games
77 10080
78 1
79 1
80 N
81 0
83 
84 255
85 53
86 53
87 253
88 138
89 150
90 247
91 201
92 62
93 254
94 167
95 146
96 245
97 220
98 141
99 254
100 149
101 146
102 
103 
104 
105 *
106 1
107 1
108 0.500000
109 0.500000
110 0.000000
112 
113 
114 0
115 
116 
117 N
118 0
119 0.000000
120 
121 0
122 0
123 0.000000
124 0.000000
125 
126 N
127 120
128 0.000000
129 
130 N
131 
132 
133 N
134 N
135 N
136 Y
137 1.000000
138 2.000000
139 N
140 0.000000
141 90.000000
142 N
143 N
144 16777215
145 Y
146 10
147 20
148 1
149 N
150 N
151 move rotate