propdump version 4
1 1164918911 501 65 501 2700 0 0 0 17 0 0 0 mz-a01-b-planter1
1 1164923881 315 550 205 0 0 0 3 0 0 0 221 000000000000000000000000000000000000000000000000000000a0c000000000000000000000a0c000000000000000000000000000000000000000000000000000000000000000000000b44200000000000000000000b4420000000000000000000000000000000000000000000000000000000000000000000000400000004000000040000000400000004000000040e8030000e80300000100e80300000000000000000000e8030000ffc60000ffc600000000803f00000002120000000000000000000000000000703132383a6d3132385f6172726f7731727400
1 1164918912 466 115 516 0 0 0 0 17 0 0 0 mz-a01-p-petunia2
1 1164930801 920 640 1703 1350 0 0 0 5 0 87 0 bttnwcreate name b4, visible off, solid off;activate move -.2 0 .2 time=.2, noise click2.wav
1 1164930801 920 840 1703 1350 0 0 0 5 0 87 0 bttnkcreate name b4, visible off, solid off;activate move -.2 0 .2 time=.2, noise click2.wav
1 1164930794 810 740 1500 900 0 0 0 5 0 86 0 bttnecreate name b5, visible off, solid off;activate move -.2 0 0 time=.2, noise click2.wav
1 1164930794 810 640 1425 900 0 0 0 5 0 86 0 bttnfcreate name b5, visible off, solid off;activate move -.2 0 0 time=.2, noise click2.wav
1 1165271204 165 70 1645 0 0 0 3 0 0 0 221 000000000000000000000000000000000000000000000000000000204100000000000000000000204100000000000000000000000000000000000000000000000000000000000000000000b44200000000000000000000b4420000000000000000000000000000000000000000000000000000000000000000000080400000804000008040000080400000804000008040e8030000e80300000100e80300000000000000000000e8030000ffc60000ffc600000000803f00000002120000000000000000000000000000703132383a6d3132385f6172726f77316c6600
1 1164930794 810 640 1575 900 0 0 0 5 0 86 0 bttnmcreate name b5, visible off, solid off;activate move -.2 0 0 time=.2, noise click2.wav
1 1164931844 864 65 1760 900 0 0 0 18 109 36 0 mz-a01-s-sgndirectYour Goal:€Get to the room in the center of the maze, get the flag, then make your way out to the other sidecreate sign bcolor=black color=white
1 1164930801 973 740 1756 1350 0 0 0 5 0 87 0 bttnscreate name b4, visible off, solid off;activate move -.2 0 .2 time=.2, noise click2.wav
1 1164930794 810 840 1425 900 0 0 0 5 0 86 0 bttnycreate name b5, visible off, solid off;activate move -.2 0 0 time=.2, noise click2.wav
1 1164930794 810 840 1575 900 0 0 0 5 0 118 0 bttnzcreate name b5, visible off, solid off;activate move -.2 0 0 time=.2, noise youwin.wav,rotate 0 10 0 time=1.8 name=dr4
1 1165271105 315 550 2205 0 0 0 3 0 0 0 221 000000000000000000000000000000000000000000000000000000000000000000000020c10000000000000000000020c10000000000000000000000000000000000000000000000000000b44200000000000000000000b4420000000000000000000000000000000000000000000000000000000000000000000080400000804000008040000080400000804000008040e8030000e80300000100e80300000000000000000000e8030000ffc60000ffc600000000803f00000002120000000000000000000000000000703132383a6d3132385f6172726f7731646e00
1 1164997780 900 2105 -4495 1800 0 0 0 3 0 0 0 c2e
1 1164997780 900 1705 -4095 1800 0 0 0 3 0 0 0 c7e
1 1165000987 900 1605 -4045 1800 0 0 0 3 0 18 0 c5dcreate visible off
1 1164998083 900 2105 -4095 1800 0 0 0 3 0 0 0 c7e
1 1164921855 146 65 -4224 0 0 0 3 0 0 0 221 0000000000000000000000000000000000000000000000000000000000000000000000a04000000000000000000000a0400000000000000000000000000000000000000000000000000000b44200000000000000000000b4420000000000000000000000000000000000000000000000000000000000000000000080400000804000008040000080400000804000008040e8030000e80300000100e80300000000000000000000e8030000ffc60000ffc600000000803f00000002120000000000000000000000000000703132383a6d3132385f6172726f7731757062
1 1164997780 900 1505 -4495 1800 0 0 0 3 0 0 0 c8e
1 1165000992 900 1505 -4145 1800 0 0 0 3 0 18 0 c5dcreate visible off
1 1164997780 900 1905 -4495 1800 0 0 0 3 0 0 0 c8e
1 1164998082 900 1905 -4095 1800 0 0 0 3 0 0 0 c8e
1 1164997780 900 1705 -4495 1800 0 0 0 3 0 0 0 c2e
1 1164998021 900 1605 -4345 1800 0 0 0 3 0 0 0 c5d
1 1164998081 900 1905 -4295 1800 0 0 0 3 0 0 0 c5e
1 1165000948 900 1505 -4045 1800 0 0 0 3 0 0 0 c2d
1 1164998026 900 1605 -4245 1800 0 0 0 3 0 18 0 c5dcreate visible off
1 1164997780 900 1705 -4295 1800 0 0 0 3 0 0 0 c8e
1 1164998015 900 1505 -4345 1800 0 0 0 3 0 18 0 c5dcreate visible off
1 1164998082 900 2105 -4295 1800 0 0 0 3 0 0 0 c8e
1 1165000986 900 1605 -4145 1800 0 0 0 3 0 18 0 c5dcreate visible off
1 1164998011 900 1505 -4245 1800 0 0 0 3 0 0 0 c2d
1 1165000153 146 1515 -4224 0 0 0 3 0 0 0 221 000000000000000000000000000000000000000000000000000000a0c000000000000000000000a0c000000000000000000000000000000000000000000000000000000000000000000000b44200000000000000000000b4420000000000000000000000000000000000000000000000000000000000000000000080400000804000008040000080400000804000008040e8030000e80300000100e80300000000000000000000e8030000ffc60000ffc600000000803f00000002120000000000000000000000000000703132383a6d3132385f6172726f7731727462
1 1164998085 900 1905 -3895 1800 0 0 0 3 0 0 0 c3e
1 1164997780 900 1705 -3895 1800 0 0 0 3 0 0 0 c8e
1 1164998084 900 2105 -3895 1800 0 0 0 3 0 0 0 c8e
1 1164926131 475 400 -3780 0 0 0 0 14 0 0 0 mz-b01-p-flwr1
1 1225203017 150 90 -3500 0 0 0 4 17 0 0 82 mz-b01-b-mallelev00008c06080123004cff640000000000000a0a00006400000000000000000000060000002200000000627574746f6e0000640000000000f1ff0000900100000000008c05000000000f000000900100000000
1 1164997780 900 1505 -3895 1800 0 0 0 3 0 0 0 c3e
1 1164919732 682 115 -2440 1800 0 0 0 17 0 0 0 mz-a01-p-petunia2
1 1164921368 664 65 -2423 2700 0 0 0 17 0 0 0 mz-a01-b-planter1
1 1164919741 86 65 -2441 0 0 0 0 17 0 0 0 mz-a01-b-planter3
1 1164927150 783 545 -1020 900 0 0 0 18 88 36 0 mz-a01-s-sgndirectYour Goal:€Punch the right buttons to get through the rooms quickly. "BRATZ" is the keycreate sign bcolor=black color=white
1 1164911700 150 745 -95 2700 0 0 0 3 0 0 0 c8e
1 1164911688 200 545 -95 2700 0 0 0 3 0 0 0 c5e
1 1164911688 450 545 -95 2700 0 0 0 3 0 0 0 c8e
1 1164911699 400 745 -95 2700 0 0 0 3 0 0 0 c7e
1 1167956686 218 1615 -530 0 0 0 2 0 0 0 51 0000484300004843000048430000000000803f0000803f4000ffffff000100c409000000000000000000000000000000000000
1 1166656222 503 1115 -637 1200 0 0 0 2 0 127 0 sbcreate media url=http://www.bratz.com/miuchizobjects/sounds/Bigbabyzinstrumenta32k.mp3 fx=3d radius=200 loop=99999, visible off
1 1164927787 1435 640 20 900 0 0 0 5 0 47 0 bttnyactivate move -.2 0 0 time=.2, noise click2.wav
1 1164661537 1385 265 700 900 0 0 0 3 0 0 0 c4e
1 1164927784 1435 740 100 900 0 0 0 5 0 47 0 bttnsactivate move -.2 0 0 time=.2, noise click2.wav
1 1164661537 1385 265 300 900 0 0 0 3 0 0 0 c4e
1 1164661628 1985 265 900 900 0 0 0 3 0 0 0 c1e
1 1164927721 1435 840 20 900 0 0 0 5 0 83 0 bttnmactivate move -.2 0 0 time=.2, rotate 0 .01 0 time=0.1 name=dr1, noise doorclos.wav
1 1164661577 1385 265 900 900 0 0 0 3 0 0 0 c2e
1 1164657713 1985 65 900 900 0 0 0 3 0 0 0 c7e
1 1164661223 1785 65 700 900 0 0 0 3 0 0 0 c1e
1 1165001986 1444 1500 824 0 0 0 0 2 0 50 0 e2create move 2 0 0 time=1 loop;bump warp -.5 +0 +0a
1 1164664591 1650 65 200 0 0 0 0 17 0 0 0 mz-b01-f-dispbx1d
1 1164661221 1785 65 900 900 0 0 0 3 0 0 0 c1e
1 1164661226 1785 65 500 900 0 0 0 3 0 0 0 c1e
1 1164661537 1385 265 500 900 0 0 0 3 0 0 0 c4e
1 1164664712 1950 65 600 0 0 0 0 17 0 0 0 mz-b01-f-dispbx1d
1 1164393353 1938 490 271 2700 0 0 0 15 0 39 0 mz-a01-mazegatecreate solid off, visible off, name ff1
1 1164661537 1785 265 500 900 0 0 0 3 0 0 0 c1e
1 1164661537 1785 265 900 900 0 0 0 3 0 0 0 c1e
1 1164928266 1715 665 605 0 0 0 0 8 0 15 0 tnnllit1create name lit
1 1164661537 1385 265 100 900 0 0 0 3 0 0 0 c4e
1 1164664278 1250 65 450 0 0 0 0 17 0 0 0 mz-b01-f-dispbx1a
1 1164661537 1785 265 100 900 0 0 0 3 0 0 0 c1e
1 1164664722 1900 65 550 0 0 0 0 17 0 0 0 mz-b01-f-dispbx2c
1 1164661478 1385 65 500 900 0 0 0 3 0 0 0 c4e
1 1164661537 1785 265 300 900 0 0 0 3 0 0 0 c1e
1 1164664607 1650 65 0 0 0 0 0 17 0 0 0 mz-b01-f-dispbx1c
1 1165000199 1347 510 759 3450 0 0 0 15 0 15 0 mz-a01-mazegatecreate name dr2
1 1164661229 1785 65 100 900 0 0 0 3 0 0 0 c1e
1 1164930085 1235 480 250 1800 0 0 0 17 0 0 0 mz-b01-b-mllstore
1 1164657677 1785 65 300 900 0 0 0 3 0 0 0 c1e
1 1164927936 1618 560 265 0 0 0 0 15 0 15 0 mz-b01-b-mlldr2create name dr3
1 1164661537 1785 265 700 900 0 0 0 3 0 0 0 c1e
1 1164661484 1385 65 900 900 0 0 0 3 0 0 0 c4e
1 1165693607 1500 1505 62 0 0 0 0 2 0 66 0 e1create move 5 0 0 time=3 loop;bump warp -.5 +0 +0a, noise d_sound1
1 1164661475 1385 65 300 900 0 0 0 3 0 0 0 c4e
1 1164661473 1385 65 100 900 0 0 0 3 0 0 0 c4e
1 1164661481 1385 65 700 900 0 0 0 3 0 0 0 c4e
1 1164930220 1828 740 1811 2250 0 0 0 5 0 86 0 bttnecreate name b3, visible off, solid off;activate move .2 0 .2 time=.2, noise click2.wav
1 1164664314 1650 65 1650 0 0 0 0 17 0 0 0 mz-b01-f-dispbx1b
1 1164930107 1881 640 1758 2250 0 0 0 5 0 86 0 bttnhcreate name b3, visible off, solid off;activate move .2 0 .2 time=.2, noise click2.wav
1 1164661521 1785 265 1900 900 0 0 0 3 0 0 0 c0e
1 1164661537 1185 265 1900 900 0 0 0 3 0 0 0 c6e
1 1164666214 1550 65 1800 0 0 0 0 17 0 0 0 mz-b01-f-dispbx1a
1 1164664311 1185 65 1900 900 0 0 0 3 0 0 0 c6e
1 1164661508 1785 265 1700 900 0 0 0 3 0 0 0 c8e
1 1164661297 1385 65 1900 900 0 0 0 3 0 0 0 c6e
1 1164661438 1385 65 1300 900 0 0 0 3 0 0 0 c2e
1 1164930117 1775 640 1864 2250 0 0 0 5 0 144 0 bttnacreate name b3, visible off, solid off;activate move .2 0 .2 time=.2, noise chime2.wav, visible b4 on, solid b4 on, visible b3 off, solid b3 off
1 1164661435 1385 65 1500 900 0 0 0 3 0 0 0 c2e
1 1165693577 1994 1500 1074 0 0 0 0 2 0 67 0 e2create move -2 0 0 time=1 loop;bump warp -.5 +0 +0a, noise d_sound3
1 1164663668 1780 65 1315 900 0 0 0 3 0 0 0 c2e
1 1164661508 1985 265 1700 900 0 0 0 3 0 0 0 c8e
1 1164661055 1785 65 1700 900 0 0 0 3 0 0 0 c8e
1 1164661537 1385 265 1500 900 0 0 0 3 0 0 0 c2e
1 1164661597 1785 265 1700 900 0 0 0 3 0 0 0 c0e
1 1164930801 1026 640 1809 1350 0 0 0 5 0 145 0 bttntcreate name b4, visible off, solid off;activate move -.2 0 .2 time=.2, noise chime2.wav, visible b5 on, solid b5 on, visible b4 off, solid b4 off
1 1164661537 1385 265 1300 900 0 0 0 3 0 0 0 c2e
1 1164930068 1881 840 1758 2250 0 0 0 5 0 86 0 bttnucreate name b3, visible off, solid off;activate move .2 0 .2 time=.2, noise click2.wav
1 1164661537 1385 265 1100 900 0 0 0 3 0 0 0 c2e
1 1164661537 1385 265 1900 900 0 0 0 3 0 0 0 c6e
1 1164661389 1785 65 1900 900 0 0 0 3 0 0 0 c0e
1 1164661432 1585 65 1500 900 0 0 0 3 0 0 0 c2e
1 1164661052 1985 65 1700 900 0 0 0 3 0 0 0 c8e
1 1164661537 1585 265 1500 900 0 0 0 3 0 0 0 c2e
1 1164661440 1385 65 1100 900 0 0 0 3 0 0 0 c2e
1 1164664294 1600 65 1200 0 0 0 0 17 0 0 0 mz-b01-f-dispbx1c
1 1164930801 1026 840 1809 1350 0 0 0 5 0 87 0 bttnpcreate name b4, visible off, solid off;activate move -.2 0 .2 time=.2, noise click2.wav
1 1164663668 1780 265 1315 900 0 0 0 3 0 0 0 c2e
1 1165269179 1250 50 1700 900 0 0 0 17 0 102 0 mz-p01-bump-checkcreate visible off,solid off; bump noise sfx-unus-089.mp3,move 0 -100 0 time=.1 wait=10;~MallRace0000~
1 1164930721 1488 560 1990 1800 0 0 0 15 0 15 0 mz-b01-b-mlldr2create name dr4
1 1164930114 1775 840 1864 2250 0 0 0 5 0 86 0 bttnccreate name b3, visible off, solid off;activate move .2 0 .2 time=.2, noise click2.wav
1 1164911813 1365 680 2355 0 0 0 3 0 0 0 216 00000000000000000000000000000000000000000000000000000000000000000000000000000000000000000000000000000000000000000000000000000000000000000000000000000000000000000000000000000000000000000000000000000000000000000000000000000000000000000000000000000000400000004000000040000000400000004000000040e8030000e80300000100e80300000000000000000000e8030000ffff0000ffff00000000803f000000000d0000000000000000000000000000703132383a6d3132385f6d7a3500
1 1164661537 1385 265 2500 900 0 0 0 3 0 0 0 c6e
1 1164661521 1785 265 2300 900 0 0 0 3 0 0 0 c0e
1 1164661521 1785 265 2500 900 0 0 0 3 0 0 0 c0e
1 1164664530 1250 65 2100 0 0 0 0 17 0 0 0 mz-b01-f-dispbx2a
1 1165429991 1365 515 2355 900 0 0 0 17 0 102 0 mz-p01-bump-checkcreate visible off,solid off; bump noise sfx-unus-089.mp3,move 0 -100 0 time=.1 wait=10;~MallRace0005~
1 1164661537 1385 265 2100 900 0 0 0 3 0 0 0 c6e
1 1164661537 1385 265 2300 900 0 0 0 3 0 0 0 c6e
1 1164661521 1785 265 2100 900 0 0 0 3 0 0 0 c0e
1 1164661385 1785 65 2300 900 0 0 0 3 0 0 0 c0e
1 1164657866 1385 65 2500 900 0 0 0 3 0 0 0 c6e
1 1164664357 1950 65 2500 0 0 0 0 17 0 0 0 mz-b01-f-dispbx2d
1 1164661383 1785 65 2500 900 0 0 0 3 0 0 0 c0e
1 1164661387 1785 65 2100 900 0 0 0 3 0 0 0 c0e
1 1164661293 1385 65 2300 900 0 0 0 3 0 0 0 c6e
1 1164661295 1385 65 2100 900 0 0 0 3 0 0 0 c6e
1 1165000971 1350 1665 -4150 0 0 0 3 0 0 0 217 00000000000000000000000000000000000000000000000000000000000000000000000000000000000000000000000000000000000000000000000000000000000000000000000000000000000000000000000000000000000000000000000000000000000000000000000000000000000000000000000000000040400000404000004040000040400000404000004040e8030000e80300000100e80300000000000000000000e8030000ffff0000ffff00000000803f000000000e0000000000000000000000000000703132383a6d3132385f6d7a313000
1 1164919316 1144 65 -4049 0 0 0 0 17 0 0 0 mz-a01-b-planter1
1 1165430092 1350 1450 -4150 900 0 0 0 17 0 81 0 mz-p01-bump-checkcreate visible off,solid off; bump noise cheer3.wav,tag end global;~MallRace0010~
1 1164919366 1116 115 -4084 2700 0 0 0 17 0 0 0 mz-a01-p-petunia2
1 1164911374 1450 745 -4095 1800 0 0 0 3 0 0 0 c7e
1 1164911375 1450 545 -4295 1800 0 0 0 3 0 0 0 c5e
1 1164911376 1450 545 -4495 1800 0 0 0 3 0 0 0 c8e
1 1164911374 1450 745 -4295 1800 0 0 0 3 0 0 0 c8e
1 1164911374 1450 545 -4095 1800 0 0 0 3 0 0 0 c8e
1 1164911375 1450 745 -4495 1800 0 0 0 3 0 0 0 c2e
1 1164919322 1144 65 -3549 0 0 0 0 17 0 0 0 mz-a01-b-planter3
1 1164911373 1450 545 -3895 1800 0 0 0 3 0 0 0 c3e
1 1164911373 1450 745 -3895 1800 0 0 0 3 0 0 0 c8e
1 1164911533 1700 545 -3850 1800 0 0 0 17 0 0 0 mz-b01-b-mllstair
1 1164919406 1029 135 -3536 900 0 0 0 5 0 0 0 fern4
1 1164919361 1116 115 -3034 2700 0 0 0 17 0 0 0 mz-a01-p-petunia2
1 1164233154 1650 750 -3195 1800 -1800 0 0 17 0 20 0 mz-b01-b-mllroll5create rotate 0 0 -7
1 1164233175 1650 750 -3395 0 0 0 0 17 0 20 0 mz-b01-b-mllroll1create rotate 0 0 -3
1 1164233178 1650 750 -3595 0 0 0 0 17 0 20 0 mz-b01-b-mllroll2create rotate 0 0 12
1 1164917911 1650 545 -2200 0 0 0 0 17 0 0 0 mz-b01-b-mllstair
1 1164919391 1129 135 -2361 1800 0 0 0 5 0 0 0 fern4
1 1164919330 1144 65 -2449 0 0 0 0 17 0 0 0 mz-a01-b-planter3
1 1164919325 1144 65 -2999 0 0 0 0 17 0 0 0 mz-a01-b-planter1
1 1164233197 1650 750 -2795 1800 -1800 0 0 17 0 0 0 mz-b01-b-mllroll4
1 1164036765 1375 400 -2295 0 0 0 0 14 0 0 0 mz-b01-p-flwr1
1 1164233164 1650 750 -2595 1800 -1800 0 0 17 0 19 0 mz-b01-b-mllroll3create rotate 0 0 9
1 1164233168 1650 750 -2395 0 0 0 0 17 0 19 0 mz-b01-b-mllroll5create rotate 0 0 5
1 1164233138 1650 750 -2995 0 0 0 0 17 0 20 0 mz-b01-b-mllroll2create rotate 0 0 12
1 1164661282 1385 65 -1100 900 0 0 0 3 0 0 0 c5e
1 1164658837 1935 65 -1100 900 0 0 0 3 0 0 0 c2e
1 1164661552 1735 265 -1100 900 0 0 0 3 0 0 0 c2e
1 1164665187 1750 65 -1220 0 0 0 0 17 0 0 0 mz-b01-f-dispbx2d
1 1164995122 1144 65 -1949 0 0 0 0 17 0 0 0 mz-a01-b-planter1
1 1164661552 1385 265 -1100 900 0 0 0 3 0 0 0 c5e
1 1164911960 1650 665 -1850 0 0 0 3 0 0 0 216 00000000000000000000000000000000000000000000000000000000000000000000000000000000000000000000000000000000000000000000000000000000000000000000000000000000000000000000000000000000000000000000000000000000000000000000000000000000000000000000000000000000400000004000000040000000400000004000000040e8030000e80300000100e80300000000000000000000e8030000ffff0000ffff00000000803f000000000d0000000000000000000000000000703132383a6d3132385f6d7a3400
1 1164661552 1935 265 -1100 900 0 0 0 3 0 0 0 c2e
1 1165429981 1650 500 -1850 900 0 0 0 17 0 102 0 mz-p01-bump-checkcreate visible off,solid off; bump noise sfx-unus-089.mp3,move 0 -100 0 time=.1 wait=10;~MallRace0004~
1 1164661037 1735 65 -1100 900 0 0 0 3 0 0 0 c2e
1 1164919354 1116 115 -1984 2700 0 0 0 17 0 0 0 mz-a01-p-petunia2
1 1164927786 1435 640 -130 900 0 0 0 5 0 47 0 bttnuactivate move -.2 0 0 time=.2, noise click2.wav
1 1164660764 1985 65 -700 900 0 0 0 3 0 0 0 c7e
1 1164661552 1385 265 -700 900 0 0 0 3 0 0 0 c5e
1 1164665828 1120 65 -550 0 0 0 0 17 0 0 0 mz-b01-f-dispbx2c
1 1164927782 1435 740 -55 900 0 0 0 5 0 47 0 bttnfactivate move -.2 0 0 time=.2, noise click2.wav
1 1164661569 1785 265 -100 900 0 0 0 3 0 0 0 c1e
1 1164661278 1385 65 -700 900 0 0 0 3 0 0 0 c5e
1 1164661259 1585 65 -300 900 0 0 0 3 0 0 0 c0e
1 1164661552 1385 265 -300 900 0 0 0 3 0 0 0 c0e
1 1164661552 1785 265 -300 900 0 0 0 3 0 0 0 c0e
1 1165693613 1694 1500 -526 0 0 0 0 2 0 66 0 e2create move 2 0 0 time=1 loop;bump warp -.5 +0 +0a, noise d_sound1
1 1164657669 1785 65 -300 900 0 0 0 3 0 0 0 c0e
1 1164661257 1785 65 -100 900 0 0 0 3 0 0 0 c0e
1 1164928048 1435 840 -130 900 0 0 0 5 0 47 0 bttnjactivate move -.2 0 0 time=.2, noise click2.wav
1 1164664766 1150 65 -450 0 0 0 0 17 0 0 0 mz-b01-f-dispbx1a
1 1164658206 1385 65 -900 900 0 0 0 3 0 0 0 c5e
1 1165693610 1944 1500 -276 0 0 0 0 2 0 67 0 e2create move -2 0 0 time=1 loop;bump warp -.5 +0 +0a, noise d_sound1
1 1164928083 1435 740 -215 900 0 0 0 5 0 119 0 bttnzactivate move -.2 0 0 time=.2, noise elecdooropen1.wav, rotate 0 10 0 time=1.8 name=dr3,rotate 0 10 0 time=1.8 name=dr1
1 1164661552 1585 265 -700 900 0 0 0 3 0 0 0 c5e
1 1164660766 1785 65 -700 900 0 0 0 3 0 0 0 c7e
1 1164661552 1585 265 -300 900 0 0 0 3 0 0 0 c0e
1 1164666429 1750 65 -865 0 0 0 0 17 0 0 0 mz-b01-f-dispbx2c
1 1164661552 1385 265 -900 900 0 0 0 3 0 0 0 c5e
1 1164660776 1985 265 -700 900 0 0 0 3 0 0 0 c7e
1 1164663560 1785 265 -700 900 0 0 0 3 0 0 0 c5e
1 1164927955 1618 560 -385 0 0 0 0 15 0 15 0 mz-b01-b-mlldr2create name dr1
1 1164661262 1185 65 -300 900 0 0 0 3 0 0 0 c0e
1 1164661552 1185 265 -300 900 0 0 0 3 0 0 0 c0e
1 1164661261 1385 65 -300 900 0 0 0 3 0 0 0 c0e
1 1164661280 1585 65 -700 900 0 0 0 3 0 0 0 c5e
1 1164928137 2035 840 475 2700 0 0 0 5 0 46 0 bttngactivate move .2 0 0 time=.2, noise click2.wav
1 1164660311 2735 265 100 900 0 0 0 3 0 0 0 c4e
1 1164928017 2035 640 25 2700 0 0 0 5 0 81 0 bttneactivate move .2 0 0 time=.2, noise doorclos.wav, rotate 0 .01 0 time=.1 name=dr1
1 1164660698 2185 265 500 900 0 0 0 3 0 0 0 c6e
1 1164660247 2935 65 300 900 0 0 0 3 0 0 0 c4e
1 1164927701 2035 740 100 2700 0 0 0 5 0 46 0 bttndactivate move .2 0 0 time=.2, noise click2.wav
1 1164930898 2035 640 775 2700 0 0 0 5 0 46 0 bttnfactivate move .2 0 0 time=.2, noise click2.wav
1 1164660538 2585 65 900 900 0 0 0 3 0 0 0 c3e
1 1164660541 2585 65 700 900 0 0 0 3 0 0 0 c3e
1 1164660591 2585 265 700 900 0 0 0 3 0 0 0 c3e
1 1164660702 2385 265 500 900 0 0 0 3 0 0 0 c6e
1 1164928149 2035 640 475 2700 0 0 0 5 0 46 0 bttnoactivate move .2 0 0 time=.2, noise click2.wav
1 1164660591 2585 265 500 900 0 0 0 3 0 0 0 c3e
1 1164660320 2935 265 300 900 0 0 0 3 0 0 0 c1e
1 1164660543 2585 65 500 900 0 0 0 3 0 0 0 c3e
1 1164658279 2185 65 300 900 0 0 0 3 0 0 0 c6e
1 1165693591 2050 1505 562 0 0 0 0 2 0 67 0 e1create move -5 0 0 time=3 loop;bump warp -.5 +0 +0a, noise d_sound4
1 1164928161 2035 740 700 2700 0 0 0 5 0 46 0 bttnqactivate move .2 0 0 time=.2, noise click2.wav
1 1164660591 2585 265 900 900 0 0 0 3 0 0 0 c3e
1 1164928249 2035 740 550 2700 0 0 0 5 0 46 0 bttneactivate move .2 0 0 time=.2, noise click2.wav
1 1164660698 2185 265 100 900 0 0 0 3 0 0 0 c6e
1 1164928152 2035 840 625 2700 0 0 0 5 0 46 0 bttnpactivate move .2 0 0 time=.2, noise click2.wav
1 1164660311 2935 265 100 900 0 0 0 3 0 0 0 c4e
1 1164661191 2185 65 900 900 0 0 0 3 0 0 0 c7e
1 1164660244 2935 65 100 900 0 0 0 3 0 0 0 c4e
1 1164660301 2935 265 700 900 0 0 0 3 0 0 0 c1e
1 1164931334 2035 840 775 2700 0 0 0 5 0 46 0 bttndactivate move .2 0 0 time=.2, noise click2.wav
1 1164660546 2385 65 500 900 0 0 0 3 0 0 0 c3e
1 1164930892 2035 740 400 2700 0 0 0 5 0 46 0 bttnvactivate move .2 0 0 time=.2, noise click2.wav
1 1164660239 2535 65 100 900 0 0 0 3 0 0 0 c4e
1 1164660660 2185 65 100 900 0 0 0 3 0 0 0 c6e
1 1164931317 2035 640 625 2700 0 0 0 5 0 83 0 bttnractivate move .2 0 0 time=.2, noise forcefield4.wav, visible dr2 off, solid dr2 off
1 1164661342 2735 65 100 900 0 0 0 3 0 0 0 c4e
1 1164660259 2935 65 900 900 0 0 0 3 0 0 0 c1e
1 1164927696 2035 840 25 2700 0 0 0 5 0 46 0 bttnkactivate move .2 0 0 time=.2, noise click2.wav
1 1164660256 2935 65 500 900 0 0 0 3 0 0 0 c1e
1 1164660311 2535 265 100 900 0 0 0 3 0 0 0 c4e
1 1164660301 2935 265 900 900 0 0 0 3 0 0 0 c1e
1 1164660656 2185 65 500 900 0 0 0 3 0 0 0 c6e
1 1164658787 2935 65 700 900 0 0 0 3 0 0 0 c1e
1 1164665920 2400 65 350 2700 0 0 0 17 0 0 0 mz-b01-f-dispbx1c
1 1164660301 2935 265 500 900 0 0 0 3 0 0 0 c1e
1 1164660698 2185 265 300 900 0 0 0 3 0 0 0 c6e
1 1164661508 2185 265 900 900 0 0 0 3 0 0 0 c7e
1 1164930093 2015 640 1575 2700 0 0 0 5 0 85 0 bttnncreate name b2, visible off, solid off;activate move .2 0 0 time=.2, noise click2.wav
1 1164661199 2185 65 1500 900 0 0 0 3 0 0 0 c7e
1 1164660536 2585 65 1100 900 0 0 0 3 0 0 0 c3e
1 1164661193 2185 65 1100 900 0 0 0 3 0 0 0 c7e
1 1164660570 2985 265 1900 900 0 0 0 3 0 0 0 c5e
1 1164664480 2585 65 1300 900 0 0 0 3 0 0 0 c5e
1 1164660580 2785 265 1300 900 0 0 0 3 0 0 0 c5e
1 1164664327 2850 65 1230 0 0 0 0 17 0 0 0 mz-b01-f-dispbx2b
1 1164660585 2585 265 1300 900 0 0 0 3 0 0 0 c3e
1 1164661508 2185 265 1300 900 0 0 0 3 0 0 0 c7e
1 1164660856 2585 65 1900 900 0 0 0 3 0 0 0 c4e
1 1164930093 2015 840 1225 2700 0 0 0 5 0 61 0 bttnpcreate name b1;activate move .2 0 0 time=.2, noise click2.wav
1 1164930093 2015 740 1150 2700 0 0 0 5 0 61 0 bttnecreate name b1;activate move .2 0 0 time=.2, noise click2.wav
1 1164660523 2985 65 1500 900 0 0 0 3 0 0 0 c5e
1 1164664327 2750 65 1100 0 0 0 0 17 0 0 0 mz-b01-f-dispbx2c
1 1164930093 2015 840 1575 2700 0 0 0 5 0 143 0 bttnrcreate name b2, visible off, solid off;activate move .2 0 0 time=.2, noise chime2.wav, visible b3 on, solid b3 on, visible b2 off, solid b2 off
1 1164661196 2185 65 1300 900 0 0 0 3 0 0 0 c7e
1 1164930714 2015 640 1225 2700 0 0 0 5 0 119 0 bttnbcreate name b1;activate move .2 0 0 time=.2, noise chime2.wav, visible b2 on, solid b2 on, visible b1 off, solid b1 off
1 1164660521 2985 65 1700 900 0 0 0 3 0 0 0 c5e
1 1164661050 2185 65 1700 900 0 0 0 3 0 0 0 c8e
1 1164661508 2385 265 1700 900 0 0 0 3 0 0 0 c8e
1 1164661508 2585 265 1900 900 0 0 0 3 0 0 0 c4e
1 1164661508 2185 265 1500 900 0 0 0 3 0 0 0 c7e
1 1164660528 2785 65 1300 900 0 0 0 3 0 0 0 c5e
1 1164930093 2015 640 1075 2700 0 0 0 5 0 61 0 bttnocreate name b1;activate move .2 0 0 time=.2, noise click2.wav
1 1164661615 2585 265 1700 900 0 0 0 3 0 0 0 c8e
1 1164661508 2185 265 1100 900 0 0 0 3 0 0 0 c7e
1 1164664484 2450 65 1000 0 0 0 0 17 0 0 0 mz-b01-f-dispbx2d
1 1164660526 2985 65 1300 900 0 0 0 3 0 0 0 c5e
1 1164661508 2185 265 1700 900 0 0 0 3 0 0 0 c8e
1 1164660512 2985 65 1900 900 0 0 0 3 0 0 0 c9e
1 1164660563 2985 265 1500 900 0 0 0 3 0 0 0 c5e
1 1164660563 2985 265 1300 900 0 0 0 3 0 0 0 c5e
1 1164664569 2050 65 1100 0 0 0 0 17 0 0 0 mz-b01-f-dispbx2b
1 1164664364 2150 65 1850 0 0 0 0 17 0 0 0 mz-b01-f-dispbx2c
1 1164930093 2015 740 1500 2700 0 0 0 5 0 85 0 bttndcreate name b2, visible off, solid off;activate move .2 0 0 time=.2, noise click2.wav
1 1164930093 2015 840 1425 2700 0 0 0 5 0 85 0 bttnscreate name b2, visible off, solid off;activate move .2 0 0 time=.2, noise click2.wav
1 1164660591 2585 265 1100 900 0 0 0 3 0 0 0 c3e
1 1164930093 2015 640 1425 2700 0 0 0 5 0 85 0 bttnlcreate name b2, visible off, solid off;activate move .2 0 0 time=.2, noise click2.wav
1 1164660563 2985 265 1700 900 0 0 0 3 0 0 0 c5e
1 1164658365 2385 65 1700 900 0 0 0 3 0 0 0 c8e
1 1164664467 2550 65 1450 0 0 0 0 17 0 0 0 mz-b01-f-dispbx1d
1 1165693563 2000 1505 1412 0 0 0 0 2 0 67 0 e1create move -6 0 0 time=3 loop;bump warp -.5 +0 +0a, noise d_sound2
1 1164930093 2015 840 1075 2700 0 0 0 5 0 61 0 bttngcreate name b1;activate move .2 0 0 time=.2, noise click2.wav
1 1164660858 2585 65 1700 900 0 0 0 3 0 0 0 c4e
1 1164664390 2450 65 2750 2700 0 0 0 17 0 0 0 mz-b01-f-dispbx1a
1 1164661521 2185 265 2300 900 0 0 0 3 0 0 0 c3e
1 1164661521 2185 265 2500 900 0 0 0 3 0 0 0 c3e
1 1164660558 2985 265 2700 900 0 0 0 3 0 0 0 c9e
1 1164661508 2585 265 2300 900 0 0 0 3 0 0 0 c4e
1 1164660501 2985 65 2700 900 0 0 0 3 0 0 0 c9e
1 1164660851 2585 65 2100 900 0 0 0 3 0 0 0 c4e
1 1164661212 2185 65 2300 900 0 0 0 3 0 0 0 c3e
1 1164660558 2985 265 2500 900 0 0 0 3 0 0 0 c9e
1 1164660558 2985 265 2100 900 0 0 0 3 0 0 0 c9e
1 1164661521 2185 265 2700 900 0 0 0 3 0 0 0 c3e
1 1164664443 2800 65 2800 2700 0 0 0 17 0 0 0 mz-b01-f-dispbx2d
1 1164660503 2985 65 2500 900 0 0 0 3 0 0 0 c9e
1 1164660506 2985 65 2300 900 0 0 0 3 0 0 0 c9e
1 1164661215 2185 65 2500 900 0 0 0 3 0 0 0 c3e
1 1164664453 2850 65 2700 2700 0 0 0 17 0 0 0 mz-b01-f-dispbx1b
1 1164660558 2985 265 2300 900 0 0 0 3 0 0 0 c9e
1 1164660848 2585 65 2500 900 0 0 0 3 0 0 0 c4e
1 1164661209 2185 65 2100 900 0 0 0 3 0 0 0 c3e
1 1164660509 2985 65 2100 900 0 0 0 3 0 0 0 c9e
1 1164664345 2050 65 2700 0 0 0 0 17 0 0 0 mz-b01-f-dispbx2b
1 1164661508 2585 265 2100 900 0 0 0 3 0 0 0 c4e
1 1164664421 2440 65 2400 2700 0 0 0 17 0 0 0 mz-b01-f-dispbx1c
1 1164661217 2185 65 2700 900 0 0 0 3 0 0 0 c3e
1 1164661521 2185 265 2100 900 0 0 0 3 0 0 0 c3e
1 1164660854 2585 65 2300 900 0 0 0 3 0 0 0 c4e
1 1164661508 2585 265 2500 900 0 0 0 3 0 0 0 c4e
1 1164911043 2950 545 -4295 1800 0 0 0 3 0 0 0 c5e
1 1164911043 2950 545 -4495 1800 0 0 0 3 0 0 0 c8e
1 1164911043 2950 745 -4295 1800 0 0 0 3 0 0 0 c8e
1 1164911043 2950 745 -4495 1800 0 0 0 3 0 0 0 c2e
1 1164911043 2950 545 -4095 1800 0 0 0 3 0 0 0 c8e
1 1164911043 2950 745 -4095 1800 0 0 0 3 0 0 0 c7e
1 1164232422 2450 750 -3395 0 0 0 0 17 0 20 0 mz-b01-b-mllroll3create rotate 0 0 -6
1 1165000858 2600 2765 -3100 0 0 0 3 0 0 0 209 000020c100000000000020c100002041000080400000204100000000c0000000c0000000c000000040000080bf000000400000000000000000000000000000000000000000000000000000000000000000000000000000000000000000000000000000fa430000fa430000fa430000fa430000fa430000fa43cdcccc3dcdcccc3dcdcccc3dcdcccc3dcdcccc3dcdcccc3d64000000640000000700a00f000000000000c8000000c8000000ffffff00ffffff000000803f001c0002030003000000000000000000000000703332656e6465
1 1166036803 2450 875 -3045 0 0 0 2 0 0 0 57 0000a04100002041000080410000000000803f0000803f4000ffffff000100c409000006000000000000000000000000000062656c6c733500
1 1164232422 2450 750 -3195 0 0 0 0 17 0 19 0 mz-b01-b-mllroll2create rotate 0 0 3
1 1164911043 2950 745 -3895 1800 0 0 0 3 0 0 0 c8e
1 1164911044 2950 545 -3895 1800 0 0 0 3 0 0 0 c3e
1 1164232422 2450 750 -3595 0 0 0 0 17 0 20 0 mz-b01-b-mllroll5create rotate 0 0 10
1 1164917918 2450 545 -3800 1800 0 0 0 17 0 0 0 mz-b01-b-mllstair
1 1164036870 2200 400 -3695 3300 0 0 0 14 0 0 0 mz-b01-p-flwr1
1 1164036782 2695 400 -2295 300 0 0 0 14 0 0 0 mz-b01-p-flwr1
1 1165000858 2600 2765 -3000 0 0 0 3 0 0 0 209 000020c100000000000020c100002041000080400000204100000000c0000000c0000000c000000040000080bf000000400000000000000000000000000000000000000000000000000000000000000000000000000000000000000000000000000000fa430000fa430000fa430000fa430000fa430000fa43cdcccc3dcdcccc3dcdcccc3dcdcccc3dcdcccc3dcdcccc3d64000000640000000700a00f000000000000c8000000c8000000045cff00045cff000000803f001c0002030003000000000000000000000000703332656e6465
1 1164911096 2200 545 -2145 1800 0 0 0 3 0 0 0 c8e
1 1164911528 2500 545 -2150 0 0 0 0 17 0 0 0 mz-b01-b-mllstair
1 1164911096 2200 745 -2145 1800 0 0 0 3 0 0 0 c2e
1 1164232509 2450 750 -2595 0 0 0 0 17 0 19 0 mz-b01-b-mllroll5create rotate 0 0 7
1 1165000858 2600 2765 -2750 0 0 0 3 0 0 0 223 0000a0c1000000000000a0c10000a041000080400000a04100000000c0000000c0000000c000000040000080bf000000400000000000000000000000000000000000000000000000000000000000000000000000000000000000000000000000000000204100002041000020410000204100002041000020410000803f0000803f0000803f0000803f0000803f0000803ff4010000f401000006001027000000000000c8000000c8000000fff20400fff204000000803f001c00031100030000000000000000000000006d7a2d6130312d692d62616c6c6f6f6e31656e6400
1 1164232422 2450 750 -2395 0 0 0 0 17 0 19 0 mz-b01-b-mllroll2create rotate 0 0 4
1 1165000858 2600 2765 -2900 0 0 0 3 0 0 0 209 000020c100000000000020c100002041000080400000204100000000c0000000c0000000c000000040000080bf000000400000000000000000000000000000000000000000000000000000000000000000000000000000000000000000000000000000fa430000fa430000fa430000fa430000fa430000fa43cdcccc3dcdcccc3dcdcccc3dcdcccc3dcdcccc3dcdcccc3d64000000640000000700a00f000000000000c8000000c8000000fff20400fff204000000803f001c0002030003000000000000000000000000703332656e6465
1 1165271823 2450 750 -2995 1800 -1800 0 0 17 0 0 0 mz-b01-b-mllroll4
1 1164232507 2450 750 -2795 0 0 0 0 17 0 20 0 mz-b01-b-mllroll1create rotate 0 0 -2
1 1164911096 2200 545 -1945 1800 0 0 0 3 0 0 0 c5e
1 1164911096 2200 745 -1745 1800 0 0 0 3 0 0 0 c7e
1 1164665165 2750 65 -1365 0 0 0 0 17 0 0 0 mz-b01-f-dispbx1d
1 1164911096 2200 745 -1545 1800 0 0 0 3 0 0 0 c8e
1 1164659648 2935 265 -1100 900 0 0 0 3 0 0 0 c0e
1 1165429974 2450 450 -1950 900 0 0 0 17 0 102 0 mz-p01-bump-checkcreate visible off,solid off; bump noise sfx-unus-089.mp3,move 0 -100 0 time=.1 wait=10;~MallRace0003~
1 1164663578 2335 265 -1100 900 0 0 0 3 0 0 0 c8e
1 1164911096 2200 745 -1945 1800 0 0 0 3 0 0 0 c8e
1 1164659642 2935 65 -1300 900 0 0 0 3 0 0 0 c0e
1 1164989261 2735 265 -1100 900 0 0 0 3 0 0 0 c0e
1 1164989261 2735 65 -1100 900 0 0 0 3 0 0 0 c0e
1 1164911934 2450 665 -1950 0 0 0 3 0 0 0 216 00000000000000000000000000000000000000000000000000000000000000000000000000000000000000000000000000000000000000000000000000000000000000000000000000000000000000000000000000000000000000000000000000000000000000000000000000000000000000000000000000000000400000004000000040000000400000004000000040e8030000e80300000100e80300000000000000000000e8030000ffff0000ffff00000000803f000000000d0000000000000000000000000000703132383a6d3132385f6d7a3300
1 1164911096 2200 545 -1745 1800 0 0 0 3 0 0 0 c8e
1 1164660340 2535 265 -1100 900 0 0 0 3 0 0 0 c8e
1 1164661552 2135 265 -1100 900 0 0 0 3 0 0 0 c2e
1 1164660213 2535 65 -1100 900 0 0 0 3 0 0 0 c8e
1 1164659188 2935 265 -1300 900 0 0 0 3 0 0 0 c0e
1 1164665178 2800 65 -1315 0 0 0 0 17 0 0 0 mz-b01-f-dispbx1c
1 1164661036 2335 65 -1100 900 0 0 0 3 0 0 0 c2e
1 1164659645 2935 65 -1100 900 0 0 0 3 0 0 0 c0e
1 1164911096 2200 545 -1545 1800 0 0 0 3 0 0 0 c3e
1 1164661033 2135 65 -1100 900 0 0 0 3 0 0 0 c2e
1 1164927961 2035 740 -1075 2700 0 0 0 5 0 86 0 bttntactivate move .2 0 0 time=.2, noise elecdooropen1.wav, rotate 0 10 0 time=1.8 name=dr1
1 1164660663 2185 65 -100 900 0 0 0 3 0 0 0 c6e
1 1164734254 2035 640 -1000 2700 0 0 0 5 0 46 0 bttnwactivate move .2 0 0 time=.2, noise click2.wav
1 1164927715 2035 640 -125 2700 0 0 0 5 0 46 0 bttnhactivate move .2 0 0 time=.2, noise click2.wav
1 1164660311 2535 265 -100 900 0 0 0 3 0 0 0 c4e
1 1164660345 2535 265 -300 900 0 0 0 3 0 0 0 c4e
1 1164660215 2535 65 -900 900 0 0 0 3 0 0 0 c8e
1 1164735009 2035 640 -700 2700 0 0 0 5 0 46 0 bttneactivate move .2 0 0 time=.2, noise click2.wav
1 1164660775 2185 265 -500 900 0 0 0 3 0 0 0 c7e
1 1164928025 2035 740 -200 2700 0 0 0 5 0 81 0 bttniactivate move .2 0 0 time=.2, noise doorclos.wav, rotate 0 .01 0 time=.1 name=dr1
1 1164927687 2035 840 -125 2700 0 0 0 5 0 46 0 bttnpactivate move .2 0 0 time=.2, noise click2.wav
1 1164660223 2535 65 -300 900 0 0 0 3 0 0 0 c8e
1 1164660236 2535 65 -100 900 0 0 0 3 0 0 0 c4e
1 1164735021 2035 640 -850 2700 0 0 0 5 0 46 0 bttnyactivate move .2 0 0 time=.2, noise click2.wav
1 1164734998 2035 840 -700 2700 0 0 0 5 0 46 0 bttncactivate move .2 0 0 time=.2, noise click2.wav
1 1164659695 2935 65 -300 900 0 0 0 3 0 0 0 c5e
1 1164659692 2935 265 -500 900 0 0 0 3 0 0 0 c5e
1 1164659699 2935 265 -300 900 0 0 0 3 0 0 0 c5e
1 1164660220 2535 65 -500 900 0 0 0 3 0 0 0 c8e
1 1164734987 2035 740 -625 2700 0 0 0 5 0 46 0 bttngactivate move .2 0 0 time=.2, noise click2.wav
1 1164660340 2535 265 -500 900 0 0 0 3 0 0 0 c8e
1 1164660340 2535 265 -900 900 0 0 0 3 0 0 0 c8e
1 1164665211 2400 65 -965 0 0 0 0 17 0 0 0 mz-b01-f-dispbx1b
1 1164660698 2185 265 -100 900 0 0 0 3 0 0 0 c6e
1 1164660218 2535 65 -700 900 0 0 0 3 0 0 0 c8e
1 1164989498 2935 65 -700 900 0 0 0 3 0 0 0 c5e
1 1165693616 2000 1505 -788 0 0 0 0 2 0 67 0 e1create move -2 0 0 time=3 loop;bump warp -.5 +0 +0a, noise d_sound5
1 1164660340 2535 265 -700 900 0 0 0 3 0 0 0 c8e
1 1164659689 2935 65 -500 900 0 0 0 3 0 0 0 c5e
1 1164659686 2935 265 -700 900 0 0 0 3 0 0 0 c5e
1 1164734980 2035 840 -850 2700 0 0 0 5 0 46 0 bttnuactivate move .2 0 0 time=.2, noise click2.wav
1 1164665851 2700 65 -70 0 0 0 0 17 0 0 0 mz-b01-f-dispbx2d
1 1164735006 2035 740 -925 2700 0 0 0 5 0 46 0 bttniactivate move .2 0 0 time=.2, noise click2.wav
1 1164660759 2185 65 -500 900 0 0 0 3 0 0 0 c7e
1 1164658241 2185 65 -700 900 0 0 0 3 0 0 0 c7e
1 1164734996 2035 840 -1000 2700 0 0 0 5 0 46 0 bttndactivate move .2 0 0 time=.2, noise click2.wav
1 1164660776 2185 265 -700 900 0 0 0 3 0 0 0 c7e
1 1164660667 2185 65 -300 900 0 0 0 3 0 0 0 c6e
1 1164734983 2035 740 -775 2700 0 0 0 5 0 46 0 bttnlactivate move .2 0 0 time=.2, noise click2.wav
1 1164660780 2185 265 -300 900 0 0 0 3 0 0 0 c7e
1 1164927704 2035 740 -50 2700 0 0 0 5 0 46 0 bttnfactivate move .2 0 0 time=.2, noise click2.wav
1 1164664749 2050 65 -550 0 0 0 0 17 0 0 0 mz-b01-f-dispbx2b
1 1164666278 3950 65 700 0 0 0 0 17 0 0 0 mz-b01-f-dispbx2d
1 1164660264 3335 65 900 900 0 0 0 3 0 0 0 c1e
1 1164989363 3550 65 300 0 0 0 0 17 0 0 0 mz-b01-f-dispbx2a
1 1164660326 3335 265 900 900 0 0 0 3 0 0 0 c0e
1 1164989391 3535 65 500 900 0 0 0 3 0 0 0 c9e
1 1164659545 3735 265 100 900 0 0 0 3 0 0 0 c1e
1 1164660301 3135 265 900 900 0 0 0 3 0 0 0 c1e
1 1164657356 3335 65 500 900 0 0 0 3 0 0 0 c3e
1 1164660093 3335 265 300 900 0 0 0 3 0 0 0 c3e
1 1164660099 3335 265 100 900 0 0 0 3 0 0 0 c3e
1 1164659539 3735 265 300 900 0 0 0 3 0 0 0 c1e
1 1164658647 3735 65 900 900 0 0 0 3 0 0 0 c9e
1 1164659533 3735 65 300 900 0 0 0 3 0 0 0 c9e
1 1164989363 3600 65 200 0 0 0 0 17 0 0 0 mz-b01-f-dispbx1c
1 1164659527 3735 65 500 900 0 0 0 3 0 0 0 c9e
1 1164659526 3735 265 700 900 0 0 0 3 0 0 0 c9e
1 1164659520 3735 265 900 900 0 0 0 3 0 0 0 c9e
1 1164659530 3735 265 500 900 0 0 0 3 0 0 0 c9e
1 1164989391 3535 265 500 900 0 0 0 3 0 0 0 c9e
1 1164660096 3335 65 100 900 0 0 0 3 0 0 0 c3e
1 1164989409 3935 265 100 900 0 0 0 3 0 0 0 c4e
1 1164989409 3935 65 100 900 0 0 0 3 0 0 0 c4e
1 1164660090 3335 65 300 900 0 0 0 3 0 0 0 c3e
1 1164660261 3135 65 900 900 0 0 0 3 0 0 0 c1e
1 1164659542 3735 65 100 900 0 0 0 3 0 0 0 c1e
1 1164659522 3735 65 700 900 0 0 0 3 0 0 0 c9e
1 1164660088 3335 265 500 900 0 0 0 3 0 0 0 c3e
1 1164665943 3100 65 700 2700 0 0 0 17 0 0 0 mz-b01-f-dispbx1c
1 1164660279 3535 265 1500 900 0 0 0 3 0 0 0 c0e
1 1164666201 3550 65 1300 0 0 0 0 17 0 0 0 mz-b01-f-dispbx1d
1 1164660388 3735 65 1900 900 0 0 0 3 0 0 0 c7e
1 1164660484 3535 265 1900 900 0 0 0 3 0 0 0 c2e
1 1164659503 3735 265 1500 900 0 0 0 3 0 0 0 c6e
1 1164660401 3735 265 1900 900 0 0 0 3 0 0 0 c7e
1 1164660273 3335 65 1300 900 0 0 0 3 0 0 0 c0e
1 1164659518 3735 65 1100 900 0 0 0 3 0 0 0 c9e
1 1164659496 3735 65 1500 900 0 0 0 3 0 0 0 c6e
1 1164666339 3500 65 1700 1800 0 0 0 17 0 0 0 mz-b01-f-dispbx1c
1 1164660295 3335 265 1700 900 0 0 0 3 0 0 0 c0e
1 1164660295 3335 265 1100 900 0 0 0 3 0 0 0 c0e
1 1164666187 3500 65 1230 0 0 0 0 17 0 0 0 mz-b01-f-dispbx2b
1 1164660276 3335 65 1500 900 0 0 0 3 0 0 0 c0e
1 1164660295 3335 265 1500 900 0 0 0 3 0 0 0 c0e
1 1164660295 3335 265 1300 900 0 0 0 3 0 0 0 c0e
1 1164658770 3335 65 1100 900 0 0 0 3 0 0 0 c0e
1 1164666257 3200 65 1050 0 0 0 0 17 0 0 0 mz-b01-f-dispbx1d
1 1164659112 3935 265 1500 900 0 0 0 3 0 0 0 c6e
1 1164660392 3535 65 1900 900 0 0 0 3 0 0 0 c7e
1 1164660459 3335 65 1900 900 0 0 0 3 0 0 0 c2e
1 1164659494 3935 65 1500 900 0 0 0 3 0 0 0 c6e
1 1164658968 3735 265 1100 900 0 0 0 3 0 0 0 c9e
1 1164659505 3535 65 1500 900 0 0 0 3 0 0 0 c6e
1 1164660473 3335 265 1900 900 0 0 0 3 0 0 0 c2e
1 1164663619 3335 65 1700 900 0 0 0 3 0 0 0 c2e
1 1164660465 3335 265 2700 900 0 0 0 3 0 0 0 c2e
1 1164666240 3150 65 2700 0 0 0 0 17 0 0 0 mz-b01-f-dispbx2a
1 1164660451 3335 65 2700 900 0 0 0 3 0 0 0 c2e
1 1164660465 3335 265 2100 900 0 0 0 3 0 0 0 c2e
1 1164989773 3935 65 2200 0 0 0 3 0 0 0 221 0000000000000000000000000000000000000000000000000000000000000000000000a0c000000000000000000000a0c00000000000000000000000000000000000000000000000000000b44200000000000000000000b4420000000000000000000000000000000000000000000000000000000000000000000080400000804000008040000080400000804000008040e8030000e80300000100e80300000000000000000000e8030000ffc60000ffc600000000803f00000002120000000000000000000000000000703132383a6d3132385f6172726f7731646e00
1 1164660456 3335 65 2100 900 0 0 0 3 0 0 0 c2e
1 1164660453 3335 65 2500 900 0 0 0 3 0 0 0 c2e
1 1164660465 3335 265 2500 900 0 0 0 3 0 0 0 c2e
1 1165429963 3850 450 -4100 900 0 0 0 17 0 102 0 mz-p01-bump-checkcreate visible off,solid off; bump noise sfx-unus-089.mp3,move 0 -100 0 time=.1 wait=10;~MallRace0002~
1 1164911948 3850 665 -4100 0 0 0 3 0 0 0 216 00000000000000000000000000000000000000000000000000000000000000000000000000000000000000000000000000000000000000000000000000000000000000000000000000000000000000000000000000000000000000000000000000000000000000000000000000000000000000000000000000000000400000004000000040000000400000004000000040e8030000e80300000100e80300000000000000000000e8030000ffff0000ffff00000000803f000000000d0000000000000000000000000000703132383a6d3132385f6d7a3200
1 1164921572 3800 545 -3800 1800 0 0 0 17 0 0 0 mz-b01-b-mllstair
1 1165692383 3350 750 -3195 1800 -1800 0 0 17 0 0 0 mz-b01-b-mllroll3
1 1166649852 3800 60 -3523 0 0 0 4 17 0 0 76 mz-b01-b-mallelev00008c06000123004cff640000000000000a0a000064000000000000000000000000000022000000000000640000000000f1ff0000900100000000004402000000000f000000900100000000
1 1164921572 3350 545 -3850 1800 0 0 0 17 0 0 0 mz-b01-b-mllstair
1 1164921572 3350 750 -3595 0 0 0 0 17 0 20 0 mz-b01-b-mllroll1create rotate 0 0 12
1 1164921572 3350 750 -3395 0 0 0 0 17 0 20 0 mz-b01-b-mllroll4create rotate 0 0 -3
1 1164917935 3350 545 -2200 0 0 0 0 17 0 0 0 mz-b01-b-mllstair
1 1164232546 3350 750 -2995 0 0 0 0 17 0 19 0 mz-b01-b-mllroll2create rotate 0 0 3
1 1164232571 3350 750 -2795 0 0 0 0 17 0 21 0 mz-b01-b-mllroll5create rotate 0 0 -14
1 1164232637 3350 750 -2595 1800 -1800 0 0 17 0 19 0 mz-b01-b-mllroll1create rotate 0 0 9
1 1164232592 3350 750 -2395 0 0 0 0 17 0 19 0 mz-b01-b-mllroll3create rotate 0 0 5
1 1164989738 3796 65 -2924 0 0 0 3 0 0 0 221 0000000000000000000000000000000000000000000000000000000000000000000000a0c000000000000000000000a0c00000000000000000000000000000000000000000000000000000b44200000000000000000000b4420000000000000000000000000000000000000000000000000000000000000000000080400000804000008040000080400000804000008040e8030000e80300000100e80300000000000000000000e8030000ffc60000ffc600000000803f00000002120000000000000000000000000000703132383a6d3132385f6172726f7731646e62
1 1164989675 3935 265 -1300 900 0 0 0 3 0 0 0 c7e
1 1164665500 3150 65 -1270 0 0 0 0 17 0 0 0 mz-b01-f-dispbx2a
1 1164659619 3735 265 -1100 900 0 0 0 3 0 0 0 c7e
1 1164989456 3735 265 -1300 900 0 0 0 3 0 0 0 c7e
1 1164665492 3300 65 -1220 0 0 0 0 17 0 0 0 mz-b01-f-dispbx2d
1 1164989675 3935 65 -1300 900 0 0 0 3 0 0 0 c7e
1 1164659613 3735 65 -1100 900 0 0 0 3 0 0 0 c7e
1 1164989456 3735 65 -1300 900 0 0 0 3 0 0 0 c7e
1 1164660102 3335 65 -100 900 0 0 0 3 0 0 0 c3e
1 1164666372 3900 65 -400 0 0 0 0 17 0 0 0 mz-b01-f-dispbx2a
1 1164989540 3335 65 -900 900 0 0 0 3 0 0 0 c5e
1 1164659582 3735 65 -900 900 0 0 0 3 0 0 0 c7e
1 1164659803 3335 65 -500 900 0 0 0 3 0 0 0 c5e
1 1164660108 3335 265 -300 900 0 0 0 3 0 0 0 c3e
1 1164659569 3735 65 -700 900 0 0 0 3 0 0 0 c1e
1 1164659559 3735 265 -300 900 0 0 0 3 0 0 0 c1e
1 1164989646 3535 65 -900 900 0 0 0 3 0 0 0 c5e
1 1164989540 3335 265 -900 900 0 0 0 3 0 0 0 c5e
1 1164989645 3550 65 -665 0 0 0 0 17 0 0 0 mz-b01-f-dispbx1b
1 1164659209 3135 265 -300 900 0 0 0 3 0 0 0 c5e
1 1164659565 3735 265 -500 900 0 0 0 3 0 0 0 c1e
1 1164659810 3335 265 -500 900 0 0 0 3 0 0 0 c5e
1 1164666152 3150 65 -100 2700 0 0 0 17 0 0 0 mz-b01-f-dispbx1c
1 1164659808 3335 265 -700 900 0 0 0 3 0 0 0 c5e
1 1164659580 3735 265 -900 900 0 0 0 3 0 0 0 c7e
1 1164665757 3100 65 -500 0 0 0 0 17 0 0 0 mz-b01-f-dispbx2b
1 1164659556 3735 65 -300 900 0 0 0 3 0 0 0 c1e
1 1164989543 3535 265 -900 900 0 0 0 3 0 0 0 c5e
1 1164659577 3735 265 -700 900 0 0 0 3 0 0 0 c7e
1 1164659801 3335 65 -300 900 0 0 0 3 0 0 0 c5e
1 1164659806 3335 65 -700 900 0 0 0 3 0 0 0 c5e
1 1164659706 3135 65 -300 900 0 0 0 3 0 0 0 c5e
1 1164660104 3335 265 -100 900 0 0 0 3 0 0 0 c3e
1 1164659561 3735 65 -500 900 0 0 0 3 0 0 0 c1e
1 1164665899 4320 65 50 0 0 0 0 17 0 0 0 mz-b01-f-dispbx1a
1 1164659459 4135 265 900 900 0 0 0 3 0 0 0 c6e
1 1164659432 4135 65 100 900 0 0 0 3 0 0 0 c4e
1 1164659454 4135 65 900 900 0 0 0 3 0 0 0 c4e
1 1164659445 4135 265 500 900 0 0 0 3 0 0 0 c4e
1 1164659447 4135 65 700 900 0 0 0 3 0 0 0 c4e
1 1164659442 4135 65 500 900 0 0 0 3 0 0 0 c4e
1 1164659451 4135 265 700 900 0 0 0 3 0 0 0 c4e
1 1164659437 4135 265 100 900 0 0 0 3 0 0 0 c4e
1 1164666352 4250 65 1250 0 0 0 0 17 0 0 0 mz-b01-f-dispbx1d
1 1164660381 4135 65 1900 900 0 0 0 3 0 0 0 c7e
1 1164660395 4335 265 1900 900 0 0 0 3 0 0 0 c7e
1 1164660398 4135 265 1900 900 0 0 0 3 0 0 0 c7e
1 1164658589 4135 65 1100 900 0 0 0 3 0 0 0 c6e
1 1164660378 4335 65 1900 900 0 0 0 3 0 0 0 c7e
1 1164659467 4135 265 1300 900 0 0 0 3 0 0 0 c6e
1 1164659486 4135 265 1500 900 0 0 0 3 0 0 0 c6e
1 1164659470 4135 65 1500 900 0 0 0 3 0 0 0 c6e
1 1164659464 4135 65 1300 900 0 0 0 3 0 0 0 c6e
1 1164659462 4135 265 1100 900 0 0 0 3 0 0 0 c6e
1 1165429949 4000 50 2500 900 0 0 0 17 0 102 0 mz-p01-bump-checkcreate visible off,solid off; bump noise sfx-unus-089.mp3,move 0 -100 0 time=.1 wait=10;~MallRace0001~
1 1164910364 4000 215 2500 0 0 0 3 0 0 0 216 00000000000000000000000000000000000000000000000000000000000000000000000000000000000000000000000000000000000000000000000000000000000000000000000000000000000000000000000000000000000000000000000000000000000000000000000000000000000000000000000000000000400000004000000040000000400000004000000040e8030000e80300000100e80300000000000000000000e8030000ffff0000ffff00000000803f000000000d0000000000000000000000000000703132383a6d3132385f6d7a3100
1 1164036831 4420 400 -3695 3300 0 0 0 14 0 0 0 mz-b01-p-flwr1
1 1164997017 4300 65 -3500 900 0 0 0 9 0 0 0 0b0e01big
1 1164995155 4550 0 -2900 2700 0 0 0 17 0 0 0 mz-b01-b-malldoor
1 1164036821 4409 400 -2292 300 0 0 0 14 0 0 0 mz-b01-p-flwr1
1 1164997028 4250 65 -2250 900 0 0 0 9 0 0 0 0b0e01big
1 1164989696 4100 65 -1365 2700 0 0 0 17 0 0 0 mz-b01-f-dispbx1c
1 1164989697 4050 65 -1315 0 0 0 0 17 0 0 0 mz-b01-f-dispbx1b
1 1164659411 4135 265 -700 900 0 0 0 3 0 0 0 c2e
1 1164659406 4135 65 -500 900 0 0 0 3 0 0 0 c2e
1 1164659413 4135 65 -700 900 0 0 0 3 0 0 0 c2e
1 1164659403 4135 65 -300 900 0 0 0 3 0 0 0 c2e
1 1164659409 4135 265 -500 900 0 0 0 3 0 0 0 c2e
1 1164658949 4135 265 -300 900 0 0 0 3 0 0 0 c2e
1 1164659419 4135 265 -900 900 0 0 0 3 0 0 0 c2e
1 1164658903 4135 265 -100 900 0 0 0 3 0 0 0 c4e
1 1164658613 4135 65 -100 900 0 0 0 3 0 0 0 c2e
1 1164659417 4135 65 -900 900 0 0 0 3 0 0 0 c2e
1 1164915528 -3206 1225 462 1800 0 0 0 3 0 18 0 c7ecreate name block1
1 1165693527 -3150 1500 200 1800 0 0 0 2 0 66 0 e2create move 2 0 0 time=1 loop;bump warp -.5 +0 +0a, noise d_sound1
1 1164915530 -3206 1025 462 1800 0 0 0 3 0 18 0 c3ecreate name block1
1 1165430031 -3106 15 -2438 0 0 0 0 17 0 102 0 mz-p01-bump-checkcreate visible off,solid off; bump noise sfx-unus-089.mp3,move 0 -100 0 time=.1 wait=10;~MallRace0008~
1 1164925163 -3106 215 -2438 0 0 0 3 0 0 0 216 00000000000000000000000000000000000000000000000000000000000000000000000000000000000000000000000000000000000000000000000000000000000000000000000000000000000000000000000000000000000000000000000000000000000000000000000000000000000000000000000000000000400000004000000040000000400000004000000040e8030000e80300000100e80300000000000000000000e8030000ffff0000ffff00000000803f000000000d0000000000000000000000000000703132383a6d3132385f6d7a3800
1 1165693477 -3150 1500 -1150 1800 0 0 0 2 0 66 0 e2create move 2 0 0 time=1 loop;bump warp -.5 +0 +0a, noise d_sound1
1 1165693523 -3256 1505 -388 1800 0 0 0 2 0 66 0 e1create move 5 0 0 time=3 loop;bump warp -.5 +0 +0a, noise d_sound1
1 1164919199 -2350 115 284 3000 0 0 0 17 0 0 0 mz-a01-p-petunia2
1 1165269470 -2487 -395 215 2400 0 0 0 17 0 0 0 mz-p01-bump-check
1 1164915521 -2706 1025 462 1800 0 0 0 3 0 18 0 c8ecreate name block1
1 1165269470 -2099 -395 270 2400 0 0 0 17 0 0 0 mz-p01-bump-check
1 1164915523 -2956 1225 462 1800 0 0 0 3 0 18 0 c4ecreate name block1
1 1164918979 -2024 135 929 1950 0 0 0 5 0 0 0 fern4
1 1164915520 -2706 1225 462 1800 0 0 0 3 0 18 0 c6ecreate name block1
1 1165269469 -2264 -595 52 2400 0 0 0 17 0 0 0 mz-p01-bump-check
1 1165269470 -2538 -395 16 2400 0 0 0 17 0 0 0 mz-p01-bump-check
1 1164917489 -2806 1015 862 1800 0 0 0 17 0 0 0 mz-b01-b-mllstair
1 1164915524 -2956 1025 462 1800 0 0 0 3 0 18 0 c1ecreate name block1
1 1164918504 -2328 65 324 300 0 0 0 17 0 0 0 mz-a01-b-planter1
1 1164918508 -2075 65 807 3300 0 0 0 17 0 0 0 mz-a01-b-planter3
1 1165693530 -2706 1505 462 1800 0 0 0 2 0 67 0 e1create move -2 0 0 time=3 loop;bump warp -.5 +0 +0a, noise d_sound1
1 1165269470 -2302 -395 316 2400 0 0 0 17 0 0 0 mz-p01-bump-check
1 1165690288 -2118 65 1300 2550 0 0 0 14 0 0 0 mz-b01-p-palm1
1 1165000184 -2906 1565 1762 0 0 0 3 0 0 0 216 00000000000000000000000000000000000000000000000000000000000000000000000000000000000000000000000000000000000000000000000000000000000000000000000000000000000000000000000000000000000000000000000000000000000000000000000000000000000000000000000000000000400000004000000040000000400000004000000040e8030000e80300000100e80300000000000000000000e8030000ffff0000ffff00000000803f000000000d0000000000000000000000000000703132383a6d3132385f6d7a3900
1 1165430106 -2906 1415 1762 0 0 0 0 17 0 102 0 mz-p01-bump-checkcreate visible off,solid off; bump noise sfx-unus-089.mp3,move 0 -100 0 time=.1 wait=10;~MallRace0009~
1 1164917690 -2100 65 1350 0 0 0 0 17 0 0 0 mz-a01-b-planter1
1 1164918251 -2100 65 1850 0 0 0 0 17 0 0 0 mz-a01-b-planter3
1 1164917250 -2706 1115 1612 0 0 0 3 0 0 0 216 00000000000000000000000000000000000000000000000000000000000000000000000000000000000000000000000000000000000000000000000000000000000000000000000000000000000000000000000000000000000000000000000000000000000000000000000000000000000000000000000000000000400000004000000040000000400000004000000040e8030000e80300000100e80300000000000000000000e8030000ffff0000ffff00000000803f000000000d0000000000000000000000000000703132383a6d3132385f6d7a3700
1 1165430020 -2756 915 1362 0 0 0 0 17 0 102 0 mz-p01-bump-checkcreate visible off,solid off; bump noise sfx-unus-089.mp3,move 0 -100 0 time=.1 wait=10;~MallRace0007~
1 1164918988 -2052 135 1967 1950 0 0 0 5 0 0 0 fern4
1 1164911513 -2759 65 1405 1800 0 0 0 13 0 0 0 mz-b01-chzhse
1 1164918289 -2085 115 1430 900 0 0 0 17 0 0 0 mz-a01-p-petunia2
1 1164996930 -2100 65 2350 0 0 0 0 17 0 0 0 mz-a01-b-planter1
1 1164996934 -2085 115 2330 900 0 0 0 17 0 0 0 mz-a01-p-petunia2
1 1164919122 -2235 140 -3015 2700 0 0 0 5 0 0 0 fern4
1 1165445134 -2829 1035 -2324 0 0 0 3 0 0 0 228 000000000000000000000000000000000000000000000000000000000000000000000020410000000000000000000020410000000000000000000000000000000000000000000000000000b44200000000000000000000b4420000000000000000000000000000000000000000000000000000000000000000000080400000804000008040000080400000804000008040e8030000e80300000100e80300001027000000000000e8030000ffc60000ffc600000000803f00000002120007000000000000000000000000703132383a6d3132385f6172726f77317570626c6f636b316100
1 1165444911 -2597 1145 -2509 3180 0 0 0 12 0 52 0 mz-m01-dbellactivate move 0 10 0 time=60 name=block1,tag block1a
1 1164919100 -2985 140 -2115 900 0 0 0 5 0 0 0 fern4
1 1164918493 -2572 65 -2543 3300 0 0 0 17 0 0 0 mz-a01-b-planter1
1 1164918547 -2350 65 -2966 0 0 0 0 17 0 0 0 mz-a01-b-planter3
1 1164919243 -2588 115 -2548 2400 0 0 0 17 0 0 0 mz-a01-p-petunia2
1 1164036940 -2520 400 -2510 2700 0 0 0 14 0 0 0 mz-b01-p-flwr1
1 1164918491 -2850 65 -2100 0 0 0 0 17 0 0 0 mz-a01-b-planter3
1 1164918500 -2850 65 -1100 0 0 0 0 17 0 0 0 mz-a01-b-planter3
1 1164923351 -2100 105 -1950 0 0 0 3 0 0 0 214 000080bf00000000000080bf0000803f000000000000803f000000000000002041000000000000000000002041000000000000a0c0000000000000a0c00000a040000000410000a0400000000000000000000000000000000000000000000000000000000000000000000000000000000000000000000000000000003f0000003f0000003f0000003f0000003f0000003f64000000640000000100d0070000000000000000000064000000ffffff00ffffff00cdcc4c3e010200000b00000000000000000000000000007033323a6d33325f726e6400
1 1172079573 -2001 55 -1399 0 0 0 0 21 0 42 0 mz-b01-b-mllfountstepcreate move 0 12 0 time=4 wait=7 loop sync
1 1164919084 -2935 135 -1090 900 0 0 0 5 0 0 0 fern4
1 1164918487 -2864 65 -1618 0 0 0 0 17 0 0 0 mz-a01-b-planter1
1 1165693645 -2650 1500 -1400 1800 0 0 0 2 0 67 0 e2create move -2 0 0 time=1 loop;bump warp -.5 +0 +0a, noise d_sound5
1 1164919229 -2880 115 -1604 2700 0 0 0 17 0 0 0 mz-a01-p-petunia2
1 1164131518 -2250 55 -1750 0 0 0 0 21 0 0 0 mz-b01-b-mllfountstep
1 1165693509 -2656 1505 -1738 1800 0 0 0 2 0 67 0 e1create move -6 0 0 time=3 loop;bump warp -.5 +0 +0a, noise d_sound1
1 1172079591 -2100 55 -1950 0 0 0 0 21 0 42 0 mz-b01-b-mllfountstepcreate move 0 7 0 time=3 wait=10 loop sync
1 1165269470 -2229 -395 -216 2400 0 0 0 17 0 0 0 mz-p01-bump-check
1 1165693640 -2650 1500 -50 1800 0 0 0 2 0 67 0 e2create move -2 0 0 time=1 loop;bump warp -.5 +0 +0a, noise d_sound5
1 1164918499 -2701 65 -591 150 0 0 0 17 0 0 0 mz-a01-b-planter1
1 1164036953 -2520 400 -145 2400 0 0 0 14 0 0 0 mz-b01-p-flwr1
1 1164918503 -2600 65 -100 0 0 0 0 17 0 0 0 mz-a01-b-planter3
1 1165693636 -2706 1505 -888 1800 0 0 0 2 0 67 0 e1create move -5 0 0 time=3 loop;bump warp -.5 +0 +0a, noise d_sound5
1 1164919210 -2696 115 -570 2850 0 0 0 17 0 0 0 mz-a01-p-petunia2
1 1164919071 -2685 135 -40 1200 0 0 0 5 0 0 0 fern4
1 1165269470 -2438 -395 -160 2400 0 0 0 17 0 0 0 mz-p01-bump-check
1 1165269470 -2048 -395 -116 2400 0 0 0 17 0 0 0 mz-p01-bump-check
1 1172079579 -2100 55 -900 0 0 0 0 21 0 41 0 mz-b01-b-mllfountstepcreate move 0 7 0 loop time=2 wait=2 sync
1 1165269470 -1992 -395 88 2400 0 0 0 17 0 0 0 mz-p01-bump-check
1 1164921782 -1186 135 599 1950 0 0 0 5 0 0 0 fern4
1 1164921797 -1684 115 652 210 0 0 0 17 0 0 0 mz-a01-p-petunia2
1 1164921792 -1681 65 659 2895 0 0 0 17 0 0 0 mz-a01-b-planter1
1 1164921779 -1200 65 500 0 0 0 0 17 0 0 0 mz-a01-b-planter3
1 1165693453 -1800 65 500 900 0 0 0 14 0 0 0 mz-b01-p-palm1
1 1164995092 -1050 -5 2900 0 0 0 0 17 0 0 0 mz-b01-b-malldoor
1 1164996836 -1700 65 2550 0 0 0 0 9 0 0 0 0b0e01big
1 1164919151 -1484 65 -3467 0 0 0 0 17 0 0 0 mz-a01-b-planter3
1 1164918557 -1861 65 -3243 3000 0 0 0 17 0 0 0 mz-a01-b-planter1
1 1164919255 -1971 115 -3196 2100 0 0 0 17 0 0 0 mz-a01-p-petunia2
1 1164919156 -1612 140 -3477 900 0 0 0 5 0 0 0 fern4
1 1172079582 -1150 55 -2400 0 0 0 0 21 0 41 0 mz-b01-b-mllfountstepcreate move 0 9 0 time=3 wait=6 loop sync
1 1164398642 -1300 55 -2900 0 0 0 0 21 0 36 0 mz-b01-b-mllfountstepcreate move 0 4 0 time=2 wait=5 loop
1 1166631444 -1265 1385 -2005 3335 -265 145 0 12 0 69 0 mz-a01-i-keyactivate solid lock2 off, visible lock2 off, visible off, noise warp1
1 1164398770 -1800 55 -2350 0 0 0 0 21 0 36 0 mz-b01-b-mllfountstepcreate move 0 9 0 time=7 wait=5 loop
1 1164398788 -1850 55 -2700 0 0 0 0 21 0 38 0 mz-b01-b-mllfountstepcreate move 0 24 0 time=10 wait=6 loop
1 1164928036 -1401 2810 -1749 0 0 0 3 0 0 0 221 0000000000000000000000000000000000000000000000000000000000000020c10000000000000000000020c100000000000000000000000000000000000000000000000000000000000000000000000000000000000000000000000000000000000000000000000000000000000000000000000000000000000080400000804000008040000080400000804000008040e8030000e80300000100e80300000000000000000000e8030000ffc60000ffc600000000803f00000001120000000000000000000000000000703132383a6d3132385f6172726f7731646e62
1 1164928036 -1521 1200 -1874 0 0 0 0 6 0 0 0 stalk3
1 1164928036 -1189 1375 -1665 2400 0 0 0 13 0 17 0 mz-a01-i-lockcreate name lock2
1 1165689546 -1238 1055 -1726 2400 0 0 0 17 0 85 0 mz-p01-bump-checkcreate solid off,visible off,name chest1;bump warp 2.19S 3.03E 1.12a 5;~MallRace0006~
1 1164928036 -1269 1200 -1867 2250 0 0 0 6 0 0 0 stalk3
1 1164928036 -1301 1250 -1449 0 0 0 0 6 0 0 0 stalk1
1 1166631353 -1351 210 -1799 0 0 0 2 0 0 0 51 0000c841000020420000803f000100666666bf0000803f0000ffffff000100c409000000000000000000000000000000000000
1 1164928036 -1199 1375 -1645 2400 0 0 0 13 0 17 0 mz-a01-i-lockcreate name lock3
1 1164928036 -1671 1200 -1874 0 0 0 0 6 0 0 0 stalk2
1 1164928036 -1351 260 -1099 0 0 0 3 0 0 0 221 00000000000000000000000000000000000000000000000000000000000000204100000000000000000000204100000000000000000000000000000000000000000000000000000000000000000000000000000000000000000000000000000000000000000000000000000000000000000000000000000000000080400000804000008040000080400000804000008040dc050000dc0500000100dc0500000000000000000000dc050000ffc60000ffc600000000803f00000001120000000000000000000000000000703132383a6d3132385f6172726f7731757062
1 1166036817 -1401 1760 -1749 0 0 0 2 0 0 0 58 000068410000604100006041000202cdcccc3d0000504140009ab4f500010018000000070000000000000000000000000000756e646572773200
1 1164928036 -1301 1250 -1549 0 0 0 0 8 0 0 0 rockcrp1
1 1164928036 -1696 1200 -1681 1500 0 0 0 6 0 0 0 stalk4
1 1165689309 -1251 60 -1599 0 0 0 0 17 0 18 0 mz-b01-b-mallshldcreate visible off
1 1164928567 -1176 1410 -1656 2400 0 0 0 15 0 138 0 mz-b01-f-chest2activate rotate -6 0 0 time=4, tag chest,move 0 .5 0 time=4 name=chest noloop,move 0 2 0 name=chest1 time=6 wait=9, noise sfx-unus-089.mp3
1 1164928036 -1176 1375 -1685 2400 0 0 0 13 0 17 0 mz-a01-i-lockcreate name lock1
1 1164928036 -1621 1200 -1824 0 0 0 0 6 0 0 0 stalk1
1 1166631414 -1296 1550 -1494 0 -1005 900 0 12 0 69 0 mz-a01-i-keyactivate solid lock3 off, visible lock3 off, visible off, noise warp1
1 1164928036 -1112 1250 -1690 1500 0 0 0 6 0 0 0 stalk4
1 1165269954 -1196 1390 -1671 0 0 0 3 0 0 0 221 000000000000000000000000000000000000000000000000000000000000000000000000000000000000000000000000000000000000000000000000000000000000000000000000000000000000000000000000000000000000000000000000000000000000000000000000000000000000000000000000000000003f0000003f0000003f0000003f0000003f0000003fe8030000e80300000100e80300000000000000000000e8030000ffff0000ffff00000000803f000000000d0005000000000000000000000000703132383a6d3132385f6d7a36636865737400
1 1164928036 -1233 1200 -1831 2250 0 0 0 6 0 0 0 stalk1
1 1166631424 -1655 1380 -1803 3352 35 -154 0 12 0 69 0 mz-a01-i-keyactivate solid lock1 off, visible lock1 off, visible off, noise warp1
1 1165271545 -1401 60 -1749 0 0 0 0 17 0 20 0 mz-b01-b-mllfountcreate sound waterf1
1 1164928036 -1701 1250 -1749 0 0 0 0 8 0 0 0 rockcrp2
1 1164928036 -1269 1200 -1964 2250 0 0 0 8 0 0 0 rockcrp1
1 1164928036 -1176 1365 -1656 2400 0 0 0 15 0 0 0 mz-b01-f-chest1
1 1164928036 -1451 1250 -1449 0 0 0 0 6 0 0 0 stalk3
1 1166051555 -1750 105 -950 0 0 0 3 0 0 0 214 000080bf00000000000080bf0000803f000000000000803f000000000000002041000000000000000000002041000000000000a0c0000000000000a0c00000a040000000410000a0400000000000000000000000000000000000000000000000000000000000000000000000000000000000000000000000000000003f0000003f0000003f0000003f0000003f0000003f64000000640000000100d0070000000000000000000064000000ffffff00ffffff00cdcc4c3e010200000b00000000000000000000000000007033323a6d33325f726e6400
1 1164926992 -1047 65 -186 1950 0 0 0 18 126 36 0 mz-a01-s-sgndirectYour Goal:€ Step in the fountain and float your way into the bowl at the top, then find the keys to unlock the treasure chestcreate sign bcolor=black color=white
1 1172079576 -1700 55 -900 0 0 0 0 21 0 41 0 mz-b01-b-mllfountstepcreate move 0 5 0 time=1 wait=2 loop sync
1 1172079569 -1400 55 -600 0 0 0 0 21 0 43 0 mz-b01-b-mllfountstepcreate move 0 10 0 time=5 wait=10 loop sync
1 1172079553 -1200 55 -900 0 0 0 0 21 0 43 0 mz-b01-b-mllfountstepcreate move 0 2.5 0 time=1 wait=6 loop sync
1 1164918512 -400 65 950 0 0 0 0 17 0 0 0 mz-a01-b-planter3
1 1188328803 -66 545 380 900 0 0 0 18 14 36 0 mz-a01-s-sgndirect€Jump down!€create sign bcolor=black color=white
1 1164919020 -52 135 601 1950 0 0 0 5 0 0 0 fern4
1 1164036724 -239 400 842 3150 0 0 0 14 0 0 0 mz-b01-p-flwr1
1 1164913488 -100 540 200 900 0 0 0 17 0 0 0 mz-b01-b-mllstair
1 1164918495 -400 65 950 0 0 0 0 14 0 0 0 mz-b01-p-palm1
1 1164918920 -684 115 516 0 0 0 0 17 0 0 0 mz-a01-p-petunia2
1 1164918916 -99 65 501 0 0 0 0 17 0 0 0 mz-a01-b-planter3
1 1164918920 -649 65 501 2700 0 0 0 17 0 0 0 mz-a01-b-planter1
1 1164036965 -239 400 2792 2700 0 0 0 14 0 0 0 mz-b01-p-flwr1
1 1164996839 -400 65 2550 0 0 0 0 9 0 0 0 0b0e01big
1 1164914282 -350 1245 -4495 1800 0 0 0 3 0 0 0 c2e
1 1164914282 -350 1245 -4295 1800 0 0 0 3 0 0 0 c8e
1 1164914282 -350 1245 -4095 1800 0 0 0 3 0 0 0 c7e
1 1164915348 -350 1045 -4095 1800 0 0 0 3 0 0 0 c8e
1 1164916833 -350 1045 -4295 1800 0 0 0 3 0 18 0 c5ecreate name block2
1 1164914282 -350 1045 -4495 1800 0 0 0 3 0 0 0 c8e
1 1164919285 -988 115 -3466 1800 0 0 0 17 0 0 0 mz-a01-p-petunia2
1 1164914282 -350 1045 -3895 1800 0 0 0 3 0 0 0 c3e
1 1164036921 -775 400 -3720 2700 0 0 0 14 0 0 0 mz-b01-p-flwr1
1 1164918600 -956 65 -3449 2700 0 0 0 17 0 0 0 mz-a01-b-planter1
1 1164914282 -350 1245 -3895 1800 0 0 0 3 0 0 0 c8e
1 1165505986 -19 200 -3664 0 0 0 3 0 0 0 221 000000000000000000000000000000000000000000000000000000000000000000000000000000000000000000000000000000000000000000000000000000000000000000000000000000000000003442000000000000000000003442000000000000000000000000000000000000000000000000000000000000803f0000803f0000803f0000803f0000803f0000803f0a0000000a00000001000a0000000000000000000000e8030000ffc60000ffc600000000803f002000030c00060000000000000000000000006d7a2d6d30312d6462656c6c627574746f6e31
1 1164920080 -442 65 -3376 3000 0 0 0 17 0 0 0 mz-a01-b-planter3
1 1164036913 -170 400 -3780 0 0 0 0 14 0 0 0 mz-b01-p-flwr1
1 1164131518 -800 55 -2600 0 0 0 0 21 0 0 0 mz-b01-b-mllfountstep
1 1172079588 -600 55 -2150 0 0 0 0 21 0 43 0 mz-b01-b-mllfountstepcreate move 0 16 0 time=5 wait=10 loop sync
1 1164919747 -195 115 -2946 1200 0 0 0 17 0 0 0 mz-a01-p-petunia2
1 1164919745 -194 65 -2910 2100 0 0 0 17 0 0 0 mz-a01-b-planter1
1 1164923343 -900 105 -2300 0 0 0 3 0 0 0 214 000080bf00000000000080bf0000803f000000000000803f000000000000002041000000000000000000002041000000000000a0c0000000000000a0c00000a040000000410000a0400000000000000000000000000000000000000000000000000000000000000000000000000000000000000000000000000000003f0000003f0000003f0000003f0000003f0000003f64000000640000000100d0070000000000000000000064000000ffffff00ffffff00cdcc4c3e010200000b00000000000000000000000000007033323a6d33325f726e6400
1 1164036742 -210 400 -1305 0 0 0 0 14 0 0 0 mz-b01-p-flwr1
1 1164926692 -450 55 -1250 0 0 0 0 21 0 0 0 mz-b01-b-mllfountstep
1 1164923338 -950 105 -1050 0 0 0 3 0 0 0 214 000080bf00000000000080bf0000803f000000000000803f000000000000002041000000000000000000002041000000000000a0c0000000000000a0c00000a040000000410000a0400000000000000000000000000000000000000000000000000000000000000000000000000000000000000000000000000000003f0000003f0000003f0000003f0000003f0000003f64000000640000000100d0070000000000000000000064000000ffffff00ffffff00cdcc4c3e010200000b00000000000000000000000000007033323a6d33325f726e6400
1 1172079558 -700 55 -1450 0 0 0 0 21 0 42 0 mz-b01-b-mllfountstepcreate move 0 20 0 time=5 wait=3 loop sync
1 1172079565 -850 60 -1100 0 0 0 0 21 0 42 0 mz-b01-b-mllfountstepcreate move 0 7 0 time=2 wait=12 loop sync
1 1164397944 -950 55 -1800 0 0 0 0 21 0 36 0 mz-b01-b-mllfountstepcreate move 0 3 0 time=1 wait=6 loop
1 1164911650 -50 545 -95 2700 0 0 0 3 0 0 0 c8e
1 1164911650 -50 745 -95 2700 0 0 0 3 0 0 0 c2e