propdump version 4
1 1305405888 400 -20400 400 900 0 0 0 16 0 17 0 mz-m01-p-hedge17create name MazeW
1 1305405891 800 -20400 0 0 0 0 0 16 0 17 0 mz-m01-p-hedge17create name MazeW
1 1305405888 400 -20400 1200 900 0 0 0 16 0 17 0 mz-m01-p-hedge17create name MazeW
1 1305405889 400 -20400 2000 900 0 0 0 16 0 17 0 mz-m01-p-hedge17create name MazeW
1 1305405889 400 -20400 2800 900 0 0 0 16 0 17 0 mz-m01-p-hedge17create name MazeW
1 1305405889 400 -20400 3600 900 0 0 0 16 0 17 0 mz-m01-p-hedge17create name MazeW
1 1305405900 800 -20400 4800 0 0 0 0 16 0 17 0 mz-m01-p-hedge17create name MazeW
1 1305405889 400 -20400 4400 900 0 0 0 16 0 17 0 mz-m01-p-hedge17create name MazeW
1 1305405901 800 -20400 5600 0 0 0 0 16 0 17 0 mz-m01-p-hedge17create name MazeW
1 1305405889 400 -20400 5200 900 0 0 0 16 0 17 0 mz-m01-p-hedge17create name MazeW
1 1305405890 400 -20400 6800 900 0 0 0 16 0 17 0 mz-m01-p-hedge17create name MazeW
1 1305405890 400 -20400 6000 900 0 0 0 16 0 17 0 mz-m01-p-hedge17create name MazeW
1 1305405890 400 -20400 7600 900 0 0 0 16 0 17 0 mz-m01-p-hedge17create name MazeW
1 1752877055 800 -20400 8800 0 0 0 0 16 0 0 0 mz-m01-p-hedge17
1 1305405890 0 -20400 8000 0 0 0 0 16 0 17 0 mz-m01-p-hedge17create name MazeW
1 1752877052 0 -20400 8800 0 0 0 0 16 0 0 0 mz-m01-p-hedge17
1 1305405904 800 -20400 8000 0 0 0 0 16 0 17 0 mz-m01-p-hedge17create name MazeW
1 1305405890 0 -20400 -800 0 0 0 0 16 0 17 0 mz-m01-p-hedge17create name MazeW
1 1305405890 800 -20400 -800 0 0 0 0 16 0 17 0 mz-m01-p-hedge17create name MazeW
1 1161451938 1100 -20400 400 0 0 0 0 14 0 16 0 mz-m01-p-fern2create solid off
1 1305405895 1600 -20400 800 0 0 0 0 16 0 17 0 mz-m01-p-hedge17create name MazeW
1 1305405891 1600 -20400 0 0 0 0 0 16 0 17 0 mz-m01-p-hedge17create name MazeW
1 1305405895 1200 -20400 1200 900 0 0 0 16 0 17 0 mz-m01-p-hedge17create name MazeW
1 1305405896 1600 -20400 2400 0 0 0 0 16 0 17 0 mz-m01-p-hedge17create name MazeW
1 1305405897 1200 -20400 2800 900 0 0 0 16 0 17 0 mz-m01-p-hedge17create name MazeW
1 1305405896 1200 -20400 2000 900 0 0 0 16 0 17 0 mz-m01-p-hedge17create name MazeW
1 1305405898 1200 -20400 3600 900 0 0 0 16 0 17 0 mz-m01-p-hedge17create name MazeW
1 1305405900 1600 -20400 4800 0 0 0 0 16 0 17 0 mz-m01-p-hedge17create name MazeW
1 1305405899 1600 -20400 4000 0 0 0 0 16 0 17 0 mz-m01-p-hedge17create name MazeW
1 1305405902 1600 -20400 6400 0 0 0 0 16 0 17 0 mz-m01-p-hedge17create name MazeW
1 1305405902 1200 -20400 6800 900 0 0 0 16 0 17 0 mz-m01-p-hedge17create name MazeW
1 1752877064 1600 -20400 8800 0 0 0 0 16 0 0 0 mz-m01-p-hedge17
1 1305405904 1600 -20400 8000 0 0 0 0 16 0 17 0 mz-m01-p-hedge17create name MazeW
1 1161472908 1150 -20350 10950 0 0 0 0 15 0 16 0 mz-p01-p-tree01create solid off
1 1161472759 1163 -18600 -6502 150 300 0 0 15 0 16 0 mz-p01-p-tree03create solid off
1 1305405891 1600 -20400 -800 0 0 0 0 16 0 17 0 mz-m01-p-hedge17create name MazeW
1 1305405895 2400 -20400 800 0 0 0 0 16 0 17 0 mz-m01-p-hedge17create name MazeW
1 1305405891 2400 -20400 0 0 0 0 0 16 0 17 0 mz-m01-p-hedge17create name MazeW
1 1305405896 2400 -20400 1600 0 0 0 0 16 0 17 0 mz-m01-p-hedge17create name MazeW
1 1305405897 2800 -20400 2800 900 0 0 0 16 0 17 0 mz-m01-p-hedge17create name MazeW
1 1305405897 2400 -20400 2400 0 0 0 0 16 0 17 0 mz-m01-p-hedge17create name MazeW
1 1305405898 2000 -20400 3600 900 0 0 0 16 0 17 0 mz-m01-p-hedge17create name MazeW
1 1305405900 2400 -20400 4800 0 0 0 0 16 0 17 0 mz-m01-p-hedge17create name MazeW
1 1305405899 2800 -20400 4400 900 0 0 0 16 0 17 0 mz-m01-p-hedge17create name MazeW
1 1305405900 2800 -20400 5200 900 0 0 0 16 0 17 0 mz-m01-p-hedge17create name MazeW
1 1305405902 2400 -20400 6400 0 0 0 0 16 0 17 0 mz-m01-p-hedge17create name MazeW
1 1305405901 2000 -20400 6000 900 0 0 0 16 0 17 0 mz-m01-p-hedge17create name MazeW
1 1305405901 2800 -20400 6000 900 0 0 0 16 0 17 0 mz-m01-p-hedge17create name MazeW
1 1161473160 2300 -20950 7200 0 0 0 0 17 0 16 0 mz-m01-p-hvntree2create solid off
1 1305405903 2400 -20400 7200 0 0 0 0 16 0 17 0 mz-m01-p-hedge17create name MazeW
1 1305405903 2800 -20400 7600 900 0 0 0 16 0 17 0 mz-m01-p-hedge17create name MazeW
1 1305405904 2400 -20400 8000 0 0 0 0 16 0 17 0 mz-m01-p-hedge17create name MazeW
1 1752877065 2400 -20400 8800 0 0 0 0 16 0 0 0 mz-m01-p-hedge17
1 1161472769 2740 -20400 -1880 3150 0 0 0 15 0 16 0 mz-p01-p-tree03create solid off
1 1305405891 2400 -20400 -800 0 0 0 0 16 0 17 0 mz-m01-p-hedge17create name MazeW
1 1305405894 3600 -20400 400 900 0 0 0 16 0 17 0 mz-m01-p-hedge17create name MazeW
1 1305405891 3200 -20400 0 0 0 0 0 16 0 17 0 mz-m01-p-hedge17create name MazeW
1 1161451911 3550 -20350 800 0 0 0 0 17 0 16 0 mz-m01-p-hvntree1create solid off
1 1305405895 3600 -20400 1200 900 0 0 0 16 0 17 0 mz-m01-p-hedge17create name MazeW
1 1305405896 3200 -20400 1600 0 0 0 0 16 0 17 0 mz-m01-p-hedge17create name MazeW
1 1305405897 3200 -20400 2400 0 0 0 0 16 0 17 0 mz-m01-p-hedge17create name MazeW
1 1305405898 3600 -20400 3600 900 0 0 0 16 0 17 0 mz-m01-p-hedge17create name MazeW
1 1305405899 3200 -20400 4000 0 0 0 0 16 0 17 0 mz-m01-p-hedge17create name MazeW
1 1305405901 3200 -20400 5600 0 0 0 0 16 0 17 0 mz-m01-p-hedge17create name MazeW
1 1305405902 3600 -20400 6800 900 0 0 0 16 0 17 0 mz-m01-p-hedge17create name MazeW
1 1305405903 3200 -20400 7200 0 0 0 0 16 0 17 0 mz-m01-p-hedge17create name MazeW
1 1752877069 3200 -20400 8800 0 0 0 0 16 0 0 0 mz-m01-p-hedge17
1 1305405891 3200 -20400 -800 0 0 0 0 16 0 17 0 mz-m01-p-hedge17create name MazeW
1 1305405892 4800 -20400 0 0 0 0 0 16 0 17 0 mz-m01-p-hedge17create name MazeW
1 1305405892 4000 -20400 0 0 0 0 0 16 0 17 0 mz-m01-p-hedge17create name MazeW
1 1305405895 4800 -20400 800 0 0 0 0 16 0 17 0 mz-m01-p-hedge17create name MazeW
1 1305405896 4000 -20400 1600 0 0 0 0 16 0 17 0 mz-m01-p-hedge17create name MazeW
1 1305405897 4000 -20400 2400 0 0 0 0 16 0 17 0 mz-m01-p-hedge17create name MazeW
1 1305405897 4800 -20400 2400 0 0 0 0 16 0 17 0 mz-m01-p-hedge17create name MazeW
1 1305405898 4400 -20400 3600 900 0 0 0 16 0 17 0 mz-m01-p-hedge17create name MazeW
1 1305405899 4800 -20400 4000 0 0 0 0 16 0 17 0 mz-m01-p-hedge17create name MazeW
1 1305405899 4400 -20400 4400 900 0 0 0 16 0 17 0 mz-m01-p-hedge17create name MazeW
1 1305405900 4000 -20400 4800 0 0 0 0 16 0 17 0 mz-m01-p-hedge17create name MazeW
1 1162590074 4950 -17550 4050 0 0 0 2 0 0 0 51 0000c842000048420000c842000000000000400000803f4000bebebe0001001e00000000000000000000000000000000000000
1 1305405900 4400 -20400 5200 900 0 0 0 16 0 17 0 mz-m01-p-hedge17create name MazeW
1 1305405901 4800 -20400 5600 0 0 0 0 16 0 17 0 mz-m01-p-hedge17create name MazeW
1 1305405902 4400 -20400 6800 900 0 0 0 16 0 17 0 mz-m01-p-hedge17create name MazeW
1 1305405901 4400 -20400 6000 900 0 0 0 16 0 17 0 mz-m01-p-hedge17create name MazeW
1 1305405903 4800 -20400 7200 0 0 0 0 16 0 17 0 mz-m01-p-hedge17create name MazeW
1 1305405903 4000 -20400 7200 0 0 0 0 16 0 17 0 mz-m01-p-hedge17create name MazeW
1 1752877071 4000 -20400 8800 0 0 0 0 16 0 0 0 mz-m01-p-hedge17
1 1752877073 4800 -20400 8800 0 0 0 0 16 0 0 0 mz-m01-p-hedge17
1 1305405904 4800 -20400 8000 0 0 0 0 16 0 17 0 mz-m01-p-hedge17create name MazeW
1 1305405904 4000 -20400 8000 0 0 0 0 16 0 17 0 mz-m01-p-hedge17create name MazeW
1 1161655202 4000 -19050 9450 0 0 0 0 2 0 125 0 sbcreate visible off, media url=http://mion.activeworlds.com/objects/sounds/dogonloose60.mp3 fx=3d radius=250 vol=70 loop=99999
1 1161655027 4950 -19050 9450 0 0 0 0 2 0 43 0 sbcreate visible off, sound rainforestamb.wav
1 1161655193 4400 -19050 -1650 0 0 0 0 2 0 43 0 sbcreate visible off, sound rainforestamb.wav
1 1305405892 4800 -20400 -800 0 0 0 0 16 0 17 0 mz-m01-p-hedge17create name MazeW
1 1305405892 4000 -20400 -800 0 0 0 0 16 0 17 0 mz-m01-p-hedge17create name MazeW
1 1305405892 5600 -20400 0 0 0 0 0 16 0 17 0 mz-m01-p-hedge17create name MazeW
1 1305405895 5200 -20400 1200 900 0 0 0 16 0 17 0 mz-m01-p-hedge17create name MazeW
1 1305405897 5200 -20400 2800 900 0 0 0 16 0 17 0 mz-m01-p-hedge17create name MazeW
1 1305405896 5200 -20400 2000 900 0 0 0 16 0 17 0 mz-m01-p-hedge17create name MazeW
1 1752876868 5450 -19300 3550 0 0 0 0 2 0 129 0 sbcreate visible off, media url=http://connect.miuchiz.com/objects/sounds/mz_monsterz_maze_SMX127_39.mp3 fx=3d radius=90 loop=99999
1 1305405898 5200 -20400 3600 900 0 0 0 16 0 17 0 mz-m01-p-hedge17create name MazeW
1 1161473123 5250 -20650 4050 0 0 0 0 17 0 16 0 mz-m01-p-hvntree2create solid off
1 1305405899 5600 -20400 4000 0 0 0 0 16 0 17 0 mz-m01-p-hedge17create name MazeW
1 1305405900 5200 -20400 5200 900 0 0 0 16 0 17 0 mz-m01-p-hedge17create name MazeW
1 1305405901 5600 -20400 5600 0 0 0 0 16 0 17 0 mz-m01-p-hedge17create name MazeW
1 1305405902 5600 -20400 6400 0 0 0 0 16 0 17 0 mz-m01-p-hedge17create name MazeW
1 1305405904 5600 -20400 8000 0 0 0 0 16 0 17 0 mz-m01-p-hedge17create name MazeW
1 1752877074 5600 -20400 8800 0 0 0 0 16 0 0 0 mz-m01-p-hedge17
1 1161451867 5300 -20400 14800 1050 0 0 0 20 0 0 0 mz-m01-b-homecreep1a
1 1161472755 5250 -20000 -5000 0 0 0 0 15 0 16 0 mz-p01-p-tree01create solid off
1 1161472831 5859 -20450 -2146 3450 0 0 0 15 0 16 0 mz-p01-p-tree03create solid off
1 1305405892 5600 -20400 -800 0 0 0 0 16 0 17 0 mz-m01-p-hedge17create name MazeW
1 1305405895 6400 -20400 800 0 0 0 0 16 0 17 0 mz-m01-p-hedge17create name MazeW
1 1305405895 6000 -20400 1200 900 0 0 0 16 0 17 0 mz-m01-p-hedge17create name MazeW
1 1305405896 6000 -20400 2000 900 0 0 0 16 0 17 0 mz-m01-p-hedge17create name MazeW
1 1305405897 6400 -20400 2400 0 0 0 0 16 0 17 0 mz-m01-p-hedge17create name MazeW
1 1305405897 6000 -20400 2800 900 0 0 0 16 0 17 0 mz-m01-p-hedge17create name MazeW
1 1305405898 6800 -20400 2800 900 0 0 0 16 0 17 0 mz-m01-p-hedge17create name MazeW
1 1305405898 6400 -20400 3200 0 0 0 0 16 0 17 0 mz-m01-p-hedge17create name MazeW
1 1305405899 6000 -20400 4400 900 0 0 0 16 0 17 0 mz-m01-p-hedge17create name MazeW
1 1305405899 6400 -20400 4000 0 0 0 0 16 0 17 0 mz-m01-p-hedge17create name MazeW
1 1305405899 6800 -20400 4400 900 0 0 0 16 0 17 0 mz-m01-p-hedge17create name MazeW
1 1305405901 6400 -20400 5600 0 0 0 0 16 0 17 0 mz-m01-p-hedge17create name MazeW
1 1305405902 6000 -20400 6800 900 0 0 0 16 0 17 0 mz-m01-p-hedge17create name MazeW
1 1305405902 6400 -20400 6400 0 0 0 0 16 0 17 0 mz-m01-p-hedge17create name MazeW
1 1305405903 6000 -20400 7600 900 0 0 0 16 0 17 0 mz-m01-p-hedge17create name MazeW
1 1752877081 6400 -20400 8800 0 0 0 0 16 0 0 0 mz-m01-p-hedge17
1 1305405904 6400 -20400 8000 0 0 0 0 16 0 17 0 mz-m01-p-hedge17create name MazeW
1 1305405893 6400 -20400 -800 0 0 0 0 16 0 17 0 mz-m01-p-hedge17create name MazeW
1 1305405893 7200 -20400 0 0 0 0 0 16 0 17 0 mz-m01-p-hedge17create name MazeW
1 1305405894 7600 -20400 400 900 0 0 0 16 0 17 0 mz-m01-p-hedge17create name MazeW
1 1305405896 7200 -20400 1600 0 0 0 0 16 0 17 0 mz-m01-p-hedge17create name MazeW
1 1305405896 7600 -20400 2000 900 0 0 0 16 0 17 0 mz-m01-p-hedge17create name MazeW
1 1305405898 7200 -20400 3200 0 0 0 0 16 0 17 0 mz-m01-p-hedge17create name MazeW
1 1305405898 7600 -20400 3600 900 0 0 0 16 0 17 0 mz-m01-p-hedge17create name MazeW
1 1305405900 7600 -20400 4400 900 0 0 0 16 0 17 0 mz-m01-p-hedge17create name MazeW
1 1305405900 7600 -20400 5200 900 0 0 0 16 0 17 0 mz-m01-p-hedge17create name MazeW
1 1305405901 7200 -20400 5600 0 0 0 0 16 0 17 0 mz-m01-p-hedge17create name MazeW
1 1305405902 7600 -20400 6000 900 0 0 0 16 0 17 0 mz-m01-p-hedge17create name MazeW
1 1305405903 7600 -20400 6800 900 0 0 0 16 0 17 0 mz-m01-p-hedge17create name MazeW
1 1305405903 7200 -20400 7200 0 0 0 0 16 0 17 0 mz-m01-p-hedge17create name MazeW
1 1752877083 7200 -20400 8800 0 0 0 0 16 0 0 0 mz-m01-p-hedge17
1 1165593944 7700 -19300 8400 0 0 0 0 2 0 130 0 sbcreate visible off, media url=http://www.bratz.com/miuchizobjects/sounds/mz_monsterz_maze_SMX139_14.mp3 fx=3d radius=50 loop=99999
1 1305405904 7200 -20400 8000 0 0 0 0 16 0 17 0 mz-m01-p-hedge17create name MazeW
1 1305405893 7200 -20400 -800 0 0 0 0 16 0 17 0 mz-m01-p-hedge17create name MazeW
1 1305405895 8400 -20400 400 900 0 0 0 16 0 17 0 mz-m01-p-hedge17create name MazeW
1 1305405893 8000 -20400 0 0 0 0 0 16 0 17 0 mz-m01-p-hedge17create name MazeW
1 1305405895 8400 -20400 1200 900 0 0 0 16 0 17 0 mz-m01-p-hedge17create name MazeW
1 1305405898 8400 -20400 2800 900 0 0 0 16 0 17 0 mz-m01-p-hedge17create name MazeW
1 1305405896 8400 -20400 2000 900 0 0 0 16 0 17 0 mz-m01-p-hedge17create name MazeW
1 1305405897 8000 -20400 2400 0 0 0 0 16 0 17 0 mz-m01-p-hedge17create name MazeW
1 1305405899 8400 -20400 3600 900 0 0 0 16 0 17 0 mz-m01-p-hedge17create name MazeW
1 1305405900 8400 -20400 4400 900 0 0 0 16 0 17 0 mz-m01-p-hedge17create name MazeW
1 1305405901 8400 -20400 5200 900 0 0 0 16 0 17 0 mz-m01-p-hedge17create name MazeW
1 1305405902 8400 -20400 6000 900 0 0 0 16 0 17 0 mz-m01-p-hedge17create name MazeW
1 1305405903 8400 -20400 6800 900 0 0 0 16 0 17 0 mz-m01-p-hedge17create name MazeW
1 1305405904 8400 -20400 7600 900 0 0 0 16 0 17 0 mz-m01-p-hedge17create name MazeW
1 1752877105 8800 -20400 8800 0 0 0 0 16 0 0 0 mz-m01-p-hedge17
1 1752877146 8800 -20400 8000 0 0 0 0 16 0 0 0 mz-m01-p-hedge17
1 1305405905 8800 -20400 8400 0 0 0 0 12 0 17 0 testmhouse04create name MazeW
1 1305405904 8000 -20400 8000 0 0 0 0 16 0 17 0 mz-m01-p-hedge17create name MazeW
1 1752877090 8000 -20400 8800 0 0 0 0 16 0 0 0 mz-m01-p-hedge17
1 1161472745 8132 -20350 -1523 3450 0 0 0 15 0 16 0 mz-p01-p-tree02create solid off
1 1161450991 8450 -20400 -850 0 0 0 0 17 0 0 0 mz-m01-b-pillar01
1 1305405894 8400 -20400 -400 900 0 0 0 16 0 17 0 mz-m01-p-hedge17create name MazeW
1 1305405893 8000 -20400 -800 0 0 0 0 16 0 17 0 mz-m01-p-hedge17create name MazeW
1 1161472859 9985 -20400 815 3150 0 0 0 15 0 16 0 mz-p01-p-tree03create solid off
1 1161451307 9700 -20400 7650 0 0 0 0 15 0 30 0 mz-m01-b-tower1create texture mz-m01-ruins01b
1 1752877109 9600 -20400 8800 0 0 0 0 16 0 0 0 mz-m01-p-hedge17
1 1752877139 9600 -20400 8000 0 0 0 0 16 0 0 0 mz-m01-p-hedge17
1 1161451310 9700 -20400 9150 0 0 0 0 15 0 30 0 mz-m01-b-tower1create texture mz-m01-ruins01b
1 1161472913 9416 -20350 13647 750 0 0 0 20 0 16 0 mz-m01-b-homecreep1acreate solid off
1 1161472871 10930 -20400 3930 450 0 0 0 15 0 16 0 mz-p01-p-tree03create solid off
1 1161451397 10900 -20400 7800 0 0 0 0 17 0 0 0 mz-m01-b-pillar01
1 1752897672 10500 -20400 8405 2700 0 0 0 17 13 92 0 mz-m01-b-statue1aTake me HOME!activate teleport mion 55.96N 88.56W -18.07a 49;bump teleport mion 55.96N 88.56W -18.07a 49;
1 1752877123 10800 -20400 8400 900 0 0 0 16 0 0 0 mz-m01-p-hedge17
1 1752877126 10400 -20400 8000 0 0 0 0 16 0 0 0 mz-m01-p-hedge17
1 1752877118 10400 -20400 8800 0 0 0 0 16 0 0 0 mz-m01-p-hedge17
1 1161451379 10900 -20400 9000 0 0 0 0 17 0 0 0 mz-m01-b-pillar01
1 1161467711 11489 -20400 6946 2400 0 0 0 17 0 0 0 mz-m01-p-hvntree1
1 1161472616 11195 -21400 6403 2850 0 0 0 17 0 16 0 mz-m01-p-hvntree2create solid off
1 1161468080 12750 -20400 7950 0 0 0 0 16 0 0 0 mz-m01-b-block02
1 1161468078 12850 -19600 7560 0 0 0 0 16 0 0 0 mz-m01-b-block02
1 1161468080 12800 -20000 7350 0 0 0 0 16 0 0 0 mz-m01-b-block02
1 1161468079 12750 -20400 7550 0 0 0 0 16 0 0 0 mz-m01-b-block02
1 1161468081 12800 -20000 7750 0 0 0 0 16 0 0 0 mz-m01-b-block02
1 1161468078 12850 -19600 7960 0 0 0 0 16 0 0 0 mz-m01-b-block02
1 1161468079 12900 -19200 7760 0 0 0 0 16 0 0 0 mz-m01-b-block02
1 1161468076 12750 -20400 7150 0 0 0 0 16 0 0 0 mz-m01-b-block02
1 1161468077 12800 -20000 8550 0 0 0 0 16 0 0 0 mz-m01-b-block02
1 1161468076 12750 -20400 8750 0 0 0 0 16 0 0 0 mz-m01-b-block02
1 1161468076 12850 -19600 8760 0 0 0 0 16 0 0 0 mz-m01-b-block02
1 1161468077 12800 -20000 8950 0 0 0 0 16 0 0 0 mz-m01-b-block02
1 1161468076 12900 -19200 8560 0 0 0 0 16 0 0 0 mz-m01-b-block02
1 1161468076 12850 -19600 8360 0 0 0 0 16 0 0 0 mz-m01-b-block02
1 1161468080 12800 -20000 8150 0 0 0 0 16 0 0 0 mz-m01-b-block02
1 1161468076 12900 -19200 8960 0 0 0 0 16 0 0 0 mz-m01-b-block02
1 1161468079 12900 -19200 8160 0 0 0 0 16 0 0 0 mz-m01-b-block02
1 1161468076 12850 -19600 9160 0 0 0 0 16 0 0 0 mz-m01-b-block02
1 1161468076 12800 -20000 9350 0 0 0 0 16 0 0 0 mz-m01-b-block02
1 1161468076 12750 -20400 9550 0 0 0 0 16 0 0 0 mz-m01-b-block02
1 1161468078 12750 -20400 9150 0 0 0 0 16 0 0 0 mz-m01-b-block02
1 1161472901 12332 -20350 12582 750 0 0 0 15 0 16 0 mz-p01-p-tree01create solid off
1 1161468074 13800 -20000 7350 0 0 0 0 16 0 0 0 mz-m01-b-block02
1 1161468074 13800 -20000 7750 0 0 0 0 16 0 0 0 mz-m01-b-block02
1 1161468073 13650 -20400 7950 0 0 0 0 16 0 0 0 mz-m01-b-block02
1 1161468072 13650 -20400 7150 0 0 0 0 16 0 0 0 mz-m01-b-block02
1 1161468097 13200 -20400 7150 0 0 0 0 16 0 0 0 mz-m01-b-block02
1 1161468074 13000 -18800 7960 0 0 0 0 16 0 0 0 mz-m01-b-block02
1 1161468072 13650 -20400 7550 0 0 0 0 16 0 0 0 mz-m01-b-block02
1 1161468076 13050 -18400 8560 0 0 0 0 16 0 0 0 mz-m01-b-block02
1 1161468075 13650 -20400 8350 0 0 0 0 16 0 0 0 mz-m01-b-block02
1 1161468076 13800 -20000 8950 0 0 0 0 16 0 0 0 mz-m01-b-block02
1 1161473673 13250 -19700 8650 0 0 0 3 0 0 0 211 000000c0000000000000000000000040000000000000000000000040c000000000000040c00000a0c0000000000000a0c00000000000000000000000000000000000000000000000000000344200000000000000000000344200000000000000000000000000000000000000000000000000000000000000000000204100000000000020410000f0410000484200002041640000002c0100000300ac0d00000000000064000000010000000abce200f5f8fe009a99193f010f0000080000000000000000000000000000635f6e6562756c6100
1 1161468075 13000 -18800 8760 0 0 0 0 16 0 0 0 mz-m01-b-block02
1 1161468074 13800 -20000 8150 0 0 0 0 16 0 0 0 mz-m01-b-block02
1 1161468075 13000 -18800 8360 0 0 0 0 16 0 0 0 mz-m01-b-block02
1 1161468075 13650 -20400 8750 0 0 0 0 16 0 0 0 mz-m01-b-block02
1 1161468075 13150 -18000 8375 0 0 0 0 17 0 0 0 mz-m01-b-pillar01
1 1161468076 13800 -20000 8550 0 0 0 0 16 0 0 0 mz-m01-b-block02
1 1161468072 13050 -18400 8160 0 0 0 0 16 0 0 0 mz-m01-b-block02
1 1161468076 13650 -20400 9550 0 0 0 0 16 0 0 0 mz-m01-b-block02
1 1161468075 13650 -20400 9150 0 0 0 0 16 0 0 0 mz-m01-b-block02
1 1161468083 13200 -20400 9550 0 0 0 0 16 0 0 0 mz-m01-b-block02
1 1161468076 13800 -20000 9350 0 0 0 0 16 0 0 0 mz-m01-b-block02
1 1161452247 13260 -20400 13784 1650 0 0 0 17 0 0 0 mz-m01-p-hvntree1
1 1161467512 15256 -21100 5715 2400 0 0 0 17 0 0 0 mz-m01-p-hvntree1
1 1161473067 -8635 -16150 8095 2957 -327 -136 0 15 0 16 0 mz-p01-p-tree03create solid off
1 1161467592 -8299 -17100 8451 1350 0 0 0 14 0 16 0 mz-m01-p-fern2create solid off
1 1161467592 -7415 -17100 9406 1350 0 0 0 14 0 16 0 mz-m01-p-fern2create solid off
1 1161467609 -6548 -17100 498 1050 0 0 0 14 0 16 0 mz-m01-p-fern2create solid off
1 1161467608 -6260 -17100 1767 1050 0 0 0 14 0 16 0 mz-m01-p-fern2create solid off
1 1161467576 -5641 -19000 3314 3150 0 0 0 14 0 16 0 mz-m01-p-fern2create solid off
1 1161473044 -5870 -16150 -2650 3150 0 -450 0 15 0 16 0 mz-p01-p-tree03create solid off
1 1161452023 -4198 -20400 4099 150 0 0 0 17 0 0 0 mz-m01-p-hvntree1
1 1161467576 -4757 -19000 4269 3150 0 0 0 14 0 16 0 mz-m01-p-fern2create solid off
1 1161452026 -3637 -20400 4770 3300 0 0 0 17 0 0 0 mz-m01-p-hvntree1
1 1161472984 -3140 -20400 7780 900 0 0 0 15 0 16 0 mz-p01-p-tree03create solid off
1 1161452014 -2200 -20400 2550 900 0 0 0 17 0 0 0 mz-m01-p-hvntree1
1 1161452062 -2475 -20400 2313 3150 0 0 0 14 0 16 0 mz-m01-p-fern2create solid off
1 1161452018 -2755 -20400 3384 600 0 0 0 17 0 0 0 mz-m01-p-hvntree1
1 1161452070 -2299 -20400 4944 3000 0 0 0 14 0 16 0 mz-m01-p-fern2create solid off
1 1161452105 -2044 -20400 -999 450 0 0 0 17 0 0 0 mz-m01-p-hvntree1
1 1161452057 -1600 -20400 100 0 0 0 0 14 0 16 0 mz-m01-p-fern2create solid off
1 1161452059 -1600 -20400 800 3300 0 0 0 14 0 16 0 mz-m01-p-fern2create solid off
1 1161472971 -1985 -20400 1235 3150 0 0 0 15 0 16 0 mz-p01-p-tree03create solid off
1 1161452066 -1740 -20400 3118 3000 0 0 0 14 0 16 0 mz-m01-p-fern2create solid off
1 1161452068 -1133 -20400 4269 3000 0 0 0 14 0 16 0 mz-m01-p-fern2create solid off
1 1161472991 -1690 -20400 4530 900 0 0 0 15 0 16 0 mz-p01-p-tree02create solid off
1 1161452041 -1193 -20400 5500 1050 0 0 0 17 0 0 0 mz-m01-p-hvntree1
1 1161474304 -1435 -19700 6638 0 0 0 3 0 0 0 212 000000c000008040000000c00000004000008040000000400000000000000040c10000000000000000000070c10000000000000000000000c00000000000000000000000c0000000000000000000000000000000000000000000000000000000000000344300003443000000000000000000000000000034430ad7233d0000803f0000803f0ad7233d0000803f0000803f64000000640000002700f401000000000000c8000000c8000000ffffff00ffffff00713d8a3e011c0001090000000000000000000000000000705f7261696e64727000
1 1161452034 -1926 -20400 8609 1650 0 0 0 17 0 0 0 mz-m01-p-hvntree1
1 1161473007 -1840 -20400 9480 900 0 0 0 15 0 16 0 mz-p01-p-tree02create solid off
1 1305405888 -400 -20400 400 900 0 0 0 16 0 17 0 mz-m01-p-hedge17create name MazeW
1 1305405888 -400 -20400 1200 900 0 0 0 16 0 17 0 mz-m01-p-hedge17create name MazeW
1 1305405889 -400 -20400 2800 900 0 0 0 16 0 17 0 mz-m01-p-hedge17create name MazeW
1 1305405889 -400 -20400 2000 900 0 0 0 16 0 17 0 mz-m01-p-hedge17create name MazeW
1 1305405889 -400 -20400 3600 900 0 0 0 16 0 17 0 mz-m01-p-hedge17create name MazeW
1 1305405889 -400 -20400 4400 900 0 0 0 16 0 17 0 mz-m01-p-hedge17create name MazeW
1 1305405889 -400 -20400 5200 900 0 0 0 16 0 17 0 mz-m01-p-hedge17create name MazeW
1 1305405890 -400 -20400 6800 900 0 0 0 16 0 17 0 mz-m01-p-hedge17create name MazeW
1 1305405890 -400 -20400 6000 900 0 0 0 16 0 17 0 mz-m01-p-hedge17create name MazeW
1 1305405890 -400 -20400 7600 900 0 0 0 16 0 17 0 mz-m01-p-hedge17create name MazeW
1 1161452075 -967 -20400 7349 3000 0 0 0 14 0 16 0 mz-m01-p-fern2create solid off
1 1752877047 -400 -20400 8400 900 0 0 0 16 0 0 0 mz-m01-p-hedge17
1 1161451473 -450 -20400 8850 0 0 0 0 17 0 0 0 mz-m01-b-pillar01
1 1161472817 -866 -18900 -4395 136 503 -275 0 15 0 16 0 mz-p01-p-tree03create solid off
1 1161451924 -350 -20400 -1400 0 0 0 0 14 0 16 0 mz-m01-p-fern2create solid off
1 1305405894 -400 -20400 -400 900 0 0 0 16 0 17 0 mz-m01-p-hedge17create name MazeW