propdump version 4
1 1161605005 800 0 1300 0 0 0 0 9 0 0 0 pp16l.rwx
1 1161604993 0 0 1300 0 0 0 0 9 0 0 0 pp16l.rwx
1 1161607567 0 0 10900 1800 0 0 0 12 0 0 0 wall003l.rwx
1 1161607571 800 0 10900 1800 0 0 0 12 0 0 0 wall003l.rwx
1 1161607310 800 0 -2700 1800 0 0 0 12 0 0 0 wall003l.rwx
1 1161607307 0 0 -2700 1800 0 0 0 12 0 0 0 wall003l.rwx
1 1161605012 1600 0 1300 0 0 0 0 9 0 0 0 pp16l.rwx
1 1161607576 1600 0 10900 1800 0 0 0 12 0 0 0 wall003l.rwx
1 1161607317 1600 0 -2700 1800 0 0 0 12 0 0 0 wall003l.rwx
1 1161605209 2000 0 900 900 0 0 0 9 0 0 0 pp16l.rwx
1 1161605203 2000 0 100 900 0 0 0 9 0 0 0 pp16l.rwx
1 1161607580 2400 0 10900 1800 0 0 0 12 0 0 0 wall003l.rwx
1 1161605179 2000 0 -2300 900 0 0 0 9 0 0 0 pp16l.rwx
1 1161607325 2400 0 -2700 1800 0 0 0 12 0 0 0 wall003l.rwx
1 1161605195 2000 0 -1500 900 0 0 0 9 0 0 0 pp16l.rwx
1 1161605199 2000 0 -700 900 0 0 0 9 0 0 0 pp16l.rwx
1 1161607585 3200 0 10900 1800 0 0 0 12 0 0 0 wall003l.rwx
1 1161607351 3200 0 -2700 1800 0 0 0 12 0 0 0 wall003l.rwx
1 1161607594 4800 0 10900 1800 0 0 0 12 0 0 0 wall003l.rwx
1 1161607589 4000 0 10900 1800 0 0 0 12 0 0 0 wall003l.rwx
1 1161607356 4000 0 -2700 1800 0 0 0 12 0 0 0 wall003l.rwx
1 1161607360 4800 0 -2700 1800 0 0 0 12 0 0 0 wall003l.rwx
1 1161607598 5600 0 10900 1800 0 0 0 12 0 0 0 wall003l.rwx
1 1161607364 5600 0 -2700 1800 0 0 0 12 0 0 0 wall003l.rwx
1 1161607603 6400 0 10900 1800 0 0 0 12 0 0 0 wall003l.rwx
1 1161607369 6400 0 -2700 1800 0 0 0 12 0 0 0 wall003l.rwx
1 1161607607 7200 0 10900 1800 0 0 0 12 0 0 0 wall003l.rwx
1 1161607442 7200 0 -2700 1800 0 0 0 12 0 0 0 wall003l.rwx
1 1161607611 8000 0 10900 1800 0 0 0 12 0 0 0 wall003l.rwx
1 1161607617 8800 0 10900 1800 0 0 0 12 0 0 0 wall003l.rwx
1 1161607449 8000 0 -2700 1800 0 0 0 12 0 0 0 wall003l.rwx
1 1161607453 8800 0 -2700 1800 0 0 0 12 0 0 0 wall003l.rwx
1 1161607679 9600 0 10900 1800 0 0 0 12 0 0 0 wall003l.rwx
1 1161607457 9600 0 -2700 1800 0 0 0 12 0 0 0 wall003l.rwx
1 1161607513 10800 0 900 900 0 0 0 12 0 0 0 wall003l.rwx
1 1161607509 10800 0 100 900 0 0 0 12 0 0 0 wall003l.rwx
1 1161607517 10800 0 1700 900 0 0 0 12 0 0 0 wall003l.rwx
1 1161607521 10800 0 2500 900 0 0 0 12 0 0 0 wall003l.rwx
1 1161607525 10800 0 3300 900 0 0 0 12 0 0 0 wall003l.rwx
1 1161607533 10800 0 4900 900 0 0 0 12 0 0 0 wall003l.rwx
1 1161607529 10800 0 4100 900 0 0 0 12 0 0 0 wall003l.rwx
1 1161607538 10800 0 5700 900 0 0 0 12 0 0 0 wall003l.rwx
1 1161607640 10800 0 6500 900 0 0 0 12 0 0 0 wall003l.rwx
1 1161607644 10800 0 7300 900 0 0 0 12 0 0 0 wall003l.rwx
1 1161607654 10800 0 8900 900 0 0 0 12 0 0 0 wall003l.rwx
1 1161607650 10800 0 8100 900 0 0 0 12 0 0 0 wall003l.rwx
1 1161607658 10800 0 9700 900 0 0 0 12 0 0 0 wall003l.rwx
1 1161607664 10800 0 10500 900 0 0 0 12 0 0 0 wall003l.rwx
1 1161607684 10400 0 10900 1800 0 0 0 12 0 0 0 wall003l.rwx
1 1161607461 10400 0 -2700 1800 0 0 0 12 0 0 0 wall003l.rwx
1 1161607482 10800 0 -2300 900 0 0 0 12 0 0 0 wall003l.rwx
1 1161607501 10800 0 -1500 900 0 0 0 12 0 0 0 wall003l.rwx
1 1161607505 10800 0 -700 900 0 0 0 12 0 0 0 wall003l.rwx
0 1161607727 -2600 0 0 0 0 0 0 11 0 0 0 street1.rwx
1 1161607284 -2000 0 100 2700 0 0 0 12 0 0 0 wall003l.rwx
1 1161607266 -2000 0 900 2700 0 0 0 12 0 0 0 wall003l.rwx
1 1161607105 -2000 0 1700 2700 0 0 0 12 0 0 0 wall003l.rwx
1 1161605024 -1600 0 1300 0 0 0 0 9 0 0 0 pp16l.rwx
1 1161607127 -2000 0 2500 2700 0 0 0 12 0 0 0 wall003l.rwx
1 1161607131 -2000 0 3300 2700 0 0 0 12 0 0 0 wall003l.rwx
1 1161607136 -2000 0 4100 2700 0 0 0 12 0 0 0 wall003l.rwx
1 1161607140 -2000 0 4900 2700 0 0 0 12 0 0 0 wall003l.rwx
1 1161607145 -2000 0 5700 2700 0 0 0 12 0 0 0 wall003l.rwx
1 1161607149 -2000 0 6500 2700 0 0 0 12 0 0 0 wall003l.rwx
1 1161607153 -2000 0 7300 2700 0 0 0 12 0 0 0 wall003l.rwx
1 1161607157 -2000 0 8100 2700 0 0 0 12 0 0 0 wall003l.rwx
1 1161607162 -2000 0 8900 2700 0 0 0 12 0 0 0 wall003l.rwx
1 1161607168 -2000 0 9700 2700 0 0 0 12 0 0 0 wall003l.rwx
1 1161607206 -2000 0 10500 2700 0 0 0 12 0 0 0 wall003l.rwx
1 1161607229 -1600 0 10900 1800 0 0 0 12 0 0 0 wall003l.rwx
1 1161607296 -1600 0 -2700 1800 0 0 0 12 0 0 0 wall003l.rwx
1 1161607293 -2000 0 -2300 2700 0 0 0 12 0 0 0 wall003l.rwx
1 1161607290 -2000 0 -1500 2700 0 0 0 12 0 0 0 wall003l.rwx
1 1161607287 -2000 0 -700 2700 0 0 0 12 0 0 0 wall003l.rwx
1 1161605019 -800 0 1300 0 0 0 0 9 0 0 0 pp16l.rwx
1 1161607562 -800 0 10900 1800 0 0 0 12 0 0 0 wall003l.rwx
1 1161607298 -800 0 -2700 1800 0 0 0 12 0 0 0 wall003l.rwx