propdump version 4
1 1156108816 0 0 0 1800 0 0 0 18 0 18 0 mz-b01-b-stadium2acreate visible off
1 1161910185 0 50 50 0 0 0 2 0 0 0 51 00008842000000400000a04200000000000000000020410000ffffff000100c409000000000000000000000000000000000000
1 1155655060 0 2750 0 0 0 0 0 12 0 35 0 icn-lightsrccreate light radius=60, visible off
1 1161909992 200 -450 350 0 0 0 2 0 0 0 51 0000484300004843000048430000000000803f0000803f4000ffffff000100c409000000000000000000000000000000000000
1 1161873091 0 4000 0 0 0 0 0 15 20 52 0 mz-m01-i-mblimpWelcome to Speedway!create sign color=FF00FF bcolor=0,rotate 1,name=cam1
1 1155403548 0 0 4000 2700 0 0 0 22 0 0 0 mz-b01-b-rtrack-crv01a
1 1155404111 0 0 4000 1800 0 0 0 21 0 0 0 mz-b01-b-rtrack-crv01
1 1157326187 100 0 4300 2700 0 0 0 14 0 0 0 mz-b01-p-palm1
1 1155453651 0 50 4000 0 0 0 2 0 0 0 51 0000884200000040000088420001020000803f000020410000ffffff000100c409000000000000000000000000000000000000
0 1155655079 0 1000 4000 0 0 0 0 12 0 36 0 icn-soundsrccreate sound crowd1.wav, visible off
1 1153781389 0 0 4000 2700 0 0 0 21 0 0 0 mz-b01-b-rtrack-crv01
1 1155403546 0 0 4000 1800 0 0 0 22 0 0 0 mz-b01-b-rtrack-crv01a
1 1157326088 250 -450 5550 0 0 0 0 19 0 0 0 mz-b01-b-mshoptop1a
1 1157326982 0 -300 -8200 1800 0 0 0 17 0 29 0 mz-a01-i-balloonscreate move 0 5 0 time=6 loop
1 1157326354 400 -50 -5850 1800 0 0 0 16 0 0 0 mz-b01-b-mshop2d
1 1157326210 800 0 -4500 2700 0 0 0 14 0 0 0 mz-b01-p-palm1
1 1155403507 0 0 -4000 0 0 0 0 22 0 0 0 mz-b01-b-rtrack-crv01a
1 1155403504 0 0 -4000 900 0 0 0 22 0 0 0 mz-b01-b-rtrack-crv01a
1 1155453651 0 50 -4000 0 0 0 2 0 0 0 51 0000884200000040000088420001020000803f000020410000ffffff000100c409000000000000000000000000000000000000
1 1153781392 0 0 -4000 900 0 0 0 21 0 0 0 mz-b01-b-rtrack-crv01
1 1153781394 0 0 -4000 0 0 0 0 21 0 0 0 mz-b01-b-rtrack-crv01
1 1155655051 0 1000 -4000 0 0 0 0 12 0 36 0 icn-soundsrccreate sound crowd1.wav, visible off
1 1176154650 100 50 -100 0 0 0 2 0 0 0 51 0000484300004843000048430000010000803f000020414000ffffff000100c409000000000000000000000000000000000000
1 1157326197 1650 0 2200 2700 0 0 0 14 0 0 0 mz-b01-p-palm1
1 1157326191 1650 0 3300 2700 0 0 0 14 0 0 0 mz-b01-p-palm1
1 1157326189 1650 0 4300 2700 0 0 0 14 0 0 0 mz-b01-p-palm1
1 1157326087 1350 -450 5550 0 0 0 0 19 0 0 0 mz-b01-b-mshoptop1a
1 1157326354 1200 -450 -5850 900 0 0 0 19 0 0 0 mz-b01-b-mshoptop3d
1 1157326201 2500 0 950 2700 0 0 0 14 0 0 0 mz-b01-p-palm1
1 1157326203 2650 0 350 2700 0 0 0 14 0 0 0 mz-b01-p-palm1
1 1157326005 2450 -450 1900 900 0 0 0 19 0 0 0 mz-b01-b-mshoptop1b
1 1157326068 2450 -450 2850 900 0 0 0 19 0 0 0 mz-b01-b-mshoptop1b
1 1157326070 2450 -450 3850 900 0 0 0 19 0 0 0 mz-b01-b-mshoptop1b
1 1155655067 2500 2750 6500 0 0 0 0 12 0 35 0 icn-lightsrccreate light radius=35, visible off
1 1155655019 2500 2750 -6500 0 0 0 0 12 0 35 0 icn-lightsrccreate light radius=35, visible off
1 1157326040 2250 -450 -3050 900 0 0 0 19 0 0 0 mz-b01-b-mshoptop2c
1 1157326039 2250 -450 -3850 2700 0 0 0 19 0 0 0 mz-b01-b-mshoptop2c
1 1157327411 2200 -10 -1300 900 0 0 0 18 0 0 0 mz-b01-b-mshopcor2
1 1157327411 2195 -10 -460 2700 0 0 0 18 0 0 0 mz-b01-b-mshopcor2
1 1153926801 3160 2950 9880 2749 0 0 0 6 0 29 0 coronacreate corona c_star2 size=40
1 1153926799 3490 2950 9634 2749 0 0 0 6 0 29 0 coronacreate corona c_star2 size=40
1 1153926755 3502 2950 -9666 2749 0 0 0 6 0 29 0 coronacreate corona c_star2 size=40
1 1153926756 3186 2950 -9874 2749 0 0 0 6 0 29 0 coronacreate corona c_star2 size=40
1 1153781417 4000 0 1000 1800 0 0 0 21 0 0 0 mz-b01-b-rtrack-str01
1 1155403536 4000 0 1000 1800 0 0 0 22 0 0 0 mz-b01-b-rtrack-str01a
1 1157393241 4000 5 3000 0 0 0 0 16 0 98 0 mz-b01-b-billbrdcreate picture mz-b01-bratzlogo02.jpg, move 0 -12 0 time=8 wait=10 loop sync; bump warp 3n 3.5w 1a
1 1155403538 4000 0 3000 1800 0 0 0 22 0 0 0 mz-b01-b-rtrack-str01a
1 1153781409 4000 0 3000 1800 0 0 0 21 0 0 0 mz-b01-b-rtrack-str01
1 1153781417 4000 0 -3000 1800 0 0 0 21 0 0 0 mz-b01-b-rtrack-str01
1 1155403531 4000 0 -3000 1800 0 0 0 22 0 0 0 mz-b01-b-rtrack-str01a
1 1157327841 4010 -40 -1300 0 0 0 0 16 0 35 0 mz-b01-b-billbrdcreate picture mz-b01-billbrd01.jpg
1 1153782754 4000 0 -1000 1800 0 0 0 21 0 0 0 mz-b01-b-rtrack-str01
1 1155403533 4000 0 -1000 1800 0 0 0 22 0 0 0 mz-b01-b-rtrack-str01a
1 1153926820 5856 2950 7130 2749 0 0 0 6 0 29 0 coronacreate corona c_star2 size=40
1 1153926818 5638 2950 7518 2749 0 0 0 6 0 29 0 coronacreate corona c_star2 size=40
1 1153926775 5640 2950 -7504 2749 0 0 0 6 0 29 0 coronacreate corona c_star2 size=40
1 1153926774 5868 2950 -7138 2749 0 0 0 6 0 29 0 coronacreate corona c_star2 size=40
1 1153926825 6650 2950 1800 1800 0 0 0 6 0 29 0 coronacreate corona c_star2 size=40
1 1153926825 6650 2950 2200 1800 0 0 0 6 0 29 0 coronacreate corona c_star2 size=40
1 1153926831 6600 2950 -2200 1800 0 0 0 6 0 29 0 coronacreate corona c_star2 size=40
1 1153926831 6600 2950 -1800 1800 0 0 0 6 0 29 0 coronacreate corona c_star2 size=40
1 1153926684 -6650 2950 1800 1800 0 0 0 6 0 29 0 coronacreate corona c_star2 size=40
1 1153926684 -6650 2950 2200 1800 0 0 0 6 0 29 0 coronacreate corona c_star2 size=40
1 1153926678 -6650 2950 -2200 1800 0 0 0 6 0 29 0 coronacreate corona c_star2 size=40
1 1153926678 -6650 2950 -1800 1800 0 0 0 6 0 29 0 coronacreate corona c_star2 size=40
1 1153926714 -5676 2950 7514 2749 0 0 0 6 0 29 0 coronacreate corona c_star2 size=40
1 1153926711 -5854 2950 7144 2749 0 0 0 6 0 29 0 coronacreate corona c_star2 size=40
1 1153926740 -5879 2950 -7130 2502 0 0 0 6 0 29 0 coronacreate corona c_star2 size=40
1 1153926745 -5671 2950 -7511 2502 0 0 0 6 0 29 0 coronacreate corona c_star2 size=40
1 1155628998 -4650 100 0 900 0 0 0 5 5 11 0 sign3STARTcreate sign
1 1154040456 -4000 0 1000 1800 0 0 0 21 0 0 0 mz-b01-b-rtrack-str01
1 1155404126 -4000 0 1000 1800 0 0 0 22 0 0 0 mz-b01-b-rtrack-str01a
1 1155412946 -4000 0 3000 1800 0 0 0 21 0 0 0 mz-b01-b-rtrack-str01
1 1155412944 -4000 0 3000 1800 0 0 0 22 0 0 0 mz-b01-b-rtrack-str01a
1 1153926695 -3538 2950 9676 2749 0 0 0 6 0 29 0 coronacreate corona c_star2 size=40
1 1153926696 -3172 2950 9880 2749 0 0 0 6 0 29 0 coronacreate corona c_star2 size=40
1 1153926731 -3112 2950 -9881 2502 0 0 0 6 0 29 0 coronacreate corona c_star2 size=40
1 1153926731 -3521 2950 -9680 2502 0 0 0 6 0 29 0 coronacreate corona c_star2 size=40
1 1155403866 -4000 0 -3000 1800 0 0 0 22 0 0 0 mz-b01-b-rtrack-str01a
1 1155447815 -4000 0 -3000 1800 0 0 0 21 0 0 0 mz-b01-b-rtrack-str01
1 1155412761 -4000 0 -1000 1800 0 0 0 21 0 0 0 mz-b01-b-rtrack-start
1 1155412750 -4000 0 -1000 1800 0 0 0 22 0 0 0 mz-b01-b-rtrack-str01a
1 1157326120 -2300 -450 700 2700 0 0 0 19 0 0 0 mz-b01-b-mshoptop1c
1 1157326120 -2300 -450 1850 2700 0 0 0 19 0 0 0 mz-b01-b-mshoptop1c
1 1157326120 -2300 -450 3150 2700 0 0 0 19 0 0 0 mz-b01-b-mshoptop1c
1 1157326165 -2300 0 4300 2700 0 0 0 14 0 0 0 mz-b01-p-palm1
1 1157326168 -2500 0 5150 2700 0 0 0 14 0 0 0 mz-b01-p-palm1
1 1155655073 -2500 2750 6500 0 0 0 0 12 0 35 0 icn-lightsrccreate light radius=35, visible off
1 1155655010 -2500 2750 -6500 0 0 0 0 12 0 35 0 icn-lightsrccreate light radius=35, visible off
1 1162387180 -2990 5 -4154 2625 0 0 0 5 12 35 0 sign3Back to Mioncreate sign; activate teleport Mion
1 1157326218 -2550 0 -4500 2700 0 0 0 14 0 0 0 mz-b01-p-palm1
1 1156260371 -2600 -100 -3450 2550 0 0 0 22 0 48 0 ../avatars/yasmin1.rwxactivate teleport mion 59.71S 34.04W -14.49a 170
1 1157032713 -2392 0 -3467 3000 0 0 4 14 0 0 58 mz-a01-b-ccar20001f88de702f1ff3c001100000042ff9c5a01f6326400000000000000000000000800080000000000717369746d616c65636172342e77617676
1 1157032705 -2980 0 -3231 3000 0 0 4 13 0 0 58 mz-a01-b-ccar0001f88de702f1ff3c001100000042ff9c5a01f6326400000000000000000000000800080000000000717369746d616c65636172342e77617676
1 1156784638 -2314 0 -3194 3000 0 0 4 14 0 0 58 mz-a01-b-ccar30001f88de702f1ff3c001100000042ff9c3201f6326400000000000000000000000800080000000000717369746d616c65636172342e77617676
1 1156784449 -2300 0 -2043 3000 0 0 4 13 0 0 70 mz-a01-b-ccar0001f88de10100000a00e2ff00000000001e0a0000640000000000000000000000090013000000000071726163656361723273706565647761792d67702d3030312e77617600
1 1156784654 -2903 0 -2880 3000 0 0 4 14 0 0 58 mz-a01-b-ccar40001f88de702f1ff3c001100000042ff9c3201f6326400000000000000000000000800080000000000717369746d616c65636172342e77617676
1 1188337970 -2650 200 -2350 2700 0 0 0 5 47 11 0 sign3Durchschnittliche Geschwindigkeit und Steuerungcreate sign
1 1156784622 -2904 0 -2535 3000 0 0 4 14 0 0 70 mz-a01-b-ccar20001f88dc10100000a00e2ff0000000000230a0000c80000000000000000000000090013000000000071726163656361723273706565647761792d67702d3030312e77617600
1 1156784625 -2261 0 -2866 3000 0 0 4 14 0 0 70 mz-a01-b-ccar10001f88dc10100001e00e2ff0000000000230a0000c80000000000000000000000090013000000000071726163656361723273706565647761792d67702d3030312e77617600
1 1156784660 -2293 0 -2430 3000 0 0 4 14 0 0 70 mz-a01-b-ccar20001f80dc10100000a00e2ff0000000000200a0000960000000000000000000000090013000000000071726163656361723273706565647761792d67702d3030312e77617600
1 1156784657 -2868 0 -2172 3000 0 0 4 14 0 0 70 mz-a01-b-ccar40001f80dc10100000a00e2ff0000000000200a0000960000000000000000000000090013000000000071726163656361723273706565647761792d67702d3030312e77617600
1 1188337934 -2650 200 -2850 2700 0 0 0 5 31 11 0 sign3Schneller mit weniger Steuerungcreate sign
1 1156784483 -2869 0 -1315 3000 0 0 4 14 0 0 70 mz-a01-b-ccar10001f88de10100000a00e2ff00000000001e0a0000640000000000000000000000090013000000000071726163656361723273706565647761792d67702d3030312e77617600
1 1156784392 -2893 0 -1715 3000 0 0 4 14 0 0 70 mz-a01-b-ccar30001f88de10100000a00e2ff00000000001e0a0000640000000000000000000000090013000000000071726163656361723273706565647761792d67702d3030312e77617600
1 1188337964 -2650 200 -1750 2700 0 0 0 5 31 11 0 sign3Langsamer mit weniger Steuerungcreate sign
1 1156784472 -2270 0 -1543 3000 0 0 4 13 0 0 70 mz-a01-b-ccar0001f88de10100000a00e2ff00000000001e0a0000640000000000000000000000090013000000000071726163656361723273706565647761792d67702d3030312e77617600
1 1157326176 -2250 0 -350 2700 0 0 0 14 0 0 0 mz-b01-p-palm1
1 1157326179 -1250 0 350 2700 0 0 0 14 0 0 0 mz-b01-p-palm1
1 1157326182 -1250 0 1700 2700 0 0 0 14 0 0 0 mz-b01-p-palm1
1 1157326183 -1200 0 3050 2700 0 0 0 14 0 0 0 mz-b01-p-palm1
1 1157326185 -1150 0 4300 2700 0 0 0 14 0 0 0 mz-b01-p-palm1
1 1157326092 -1050 -450 5550 0 0 0 0 19 0 0 0 mz-b01-b-mshoptop1a
1 1157326170 -1850 0 5150 2700 0 0 0 14 0 0 0 mz-b01-p-palm1
1 1157326355 -1200 -450 -5850 2700 0 0 0 19 0 0 0 mz-b01-b-mshoptop3d
1 1157326214 -1300 0 -4500 2700 0 0 0 14 0 0 0 mz-b01-p-palm1
1 1163620493 -1850 200 -3800 2700 0 0 0 2 0 121 0 sbcreate media url=www.bratz.com/miuchizobjects/sounds/mz_babyz_game_smx136_04.mp3 fx=3d radius=200 loop=99999, visible off
1 1157326541 -1350 -450 -2600 1800 0 0 0 19 0 0 0 mz-b01-b-mshopcor1a
1 1157326537 -1350 -450 -1450 1800 0 0 0 19 0 0 0 mz-b01-b-mshopcor1a
1 1157327169 -600 -300 -8100 1800 0 0 0 17 0 50 0 mz-a01-i-balloonscreate move 0 4 0 time=7 loop;  bump warp 8s 1e 1a
1 1157326982 -650 -300 -7550 1800 0 0 0 17 0 29 0 mz-a01-i-balloonscreate move 0 5 0 time=3 loop
1 1157326982 -400 -300 -7800 1800 0 0 0 17 0 29 0 mz-a01-i-balloonscreate move 0 5 0 time=5 loop
1 1157327174 -900 -300 -7650 1800 0 0 0 17 0 50 0 mz-a01-i-balloonscreate move 0 7 0 time=5 loop;  bump warp 8s 1e 1a
1 1157326982 -850 -300 -7950 1800 0 0 0 17 0 29 0 mz-a01-i-balloonscreate move 0 5 0 time=6 loop
1 1157327136 -100 -300 -7700 1800 0 0 0 17 0 49 0 mz-a01-i-balloonscreate move 0 3 0 time=5 loop; bump warp 8s 1e 1a
1 1157326354 -400 -50 -5850 1800 0 0 0 16 0 0 0 mz-b01-b-mshop2d
1 1157326212 -200 0 -4500 2700 0 0 0 14 0 0 0 mz-b01-p-palm1