propdump version 4
1 1166025924 0 300 333 1800 0 0 0 3 26 34 0 hp1antken€HP=28€AP=20€Score=0create sign color=FFFFFF bcolor
1 1166025924 0 300 333 1800 0 0 0 3 30 34 0 hp1jermichail€HP=49€AP=20€Score=0create sign color=FFFFFF bcolor
1 1167412940 0 300 333 1800 0 0 0 3 30 34 0 hp1bandman122€HP=33€AP=20€Score=0create sign color=FFFFFF bcolor
1 1166025924 0 300 333 1800 0 0 0 3 33 34 0 hp1chris10987411€HP=50€AP=11€Score=3create sign color=FFFFFF bcolor
1 1166025924 622 275 18 0 0 0 3 0 0 0 210 cdccccbd00000000cdccccbdcdcccc3d00000000cdcccc3d00000000000000000000000000000000000000000000000000000000000000003f00000000000000006666a63f000000000000000000000000000000000000000000000000000000000000000000000000000000000000000000000000000000000000803fcdcc4c3e0000803fcdcc4c3e0000803f0000803f64000000640000000100e80300000000000064000000f4010000ffda0900e81111000000803f01010000070000000000000000000000000000635f736f66743100
1 1166025924 568 260 299 750 0 0 0 15 0 27 0 mz-m01-b-torch1create sound torchwind4.wav
1 1167255357 0 300 333 1800 0 0 0 3 29 34 0 hp1FlamoDude€HP=50€AP=20€Score=0create sign color=FFFFFF bcolor
1 1188228267 0 0 0 1050 0 0 0 23 0 0 0 mz-m01-b-arena-full.rwx
1 1167321341 0 300 333 1800 0 0 0 3 28 34 0 hp1boogyman5€HP=46€AP=8€Score=1create sign color=FFFFFF bcolor
1 1167950494 0 300 333 1800 0 0 0 3 22 34 0 hp1616€HP=20€AP=7€Score=6create sign color=FFFFFF bcolor
1 1166025924 0 2915 0 0 0 0 0 17 0 182 0 mz-m01-b-flyad40screate rotate 0 -.3 0, move 0 .3 0 loop,media url=http://objects.activeworlds.com/muffin/media/rock.avi res=256 fx=3d radius=20 radoff=200 loop=1000000 osd=on, corona c_star2 size=12
1 1174079435 0 300 333 1800 0 0 0 3 29 34 0 hp1Pepper747€HP=22€AP=18€Score=1create sign color=FFFFFF bcolor
1 1169590477 0 300 333 1800 0 0 0 3 29 34 0 hp1elijah2591€HP=50€AP=8€Score=1create sign color=FFFFFF bcolor
1 1166025924 0 0 0 0 0 0 2 0 0 0 51 000070420000f041000070420001010000803f0000803f4000ffffff000100c409000000000000000000000000000000000000
1 1166025924 568 310 299 0 0 0 3 0 0 0 210 8fc2f5bc000000008fc2f5bc8fc2f53c000000008fc2f53c000000000000000000000000000000003f000000000000000000000000cdcccc3d00000000000000000000003f000000000000000000000000000000000000000000000000000000000000000000000000000000000000000000000000000000000000803f0000003f0000803f0000003f0000803f0000803f64000000640000000100d007000000000000f4010000f401000000000000c0c0c000cdcc4c3e00010000070000000000000000000000000000635f736f66743100
1 1167166107 0 300 333 1800 0 0 0 3 30 34 0 hp1Boulder125€HP=50€AP=19€Score=3create sign color=FFFFFF bcolor
1 1173050811 0 300 333 1800 0 0 0 3 28 34 0 hp1rockobad€HP=22€AP=20€Score=0create sign color=FFFFFF bcolor
1 1166025924 0 300 333 1800 0 0 0 3 24 34 0 hp1Mark€HP=15€AP=13€Score=2create sign color=FFFFFF bcolor
1 1173052963 0 300 333 1800 0 0 0 3 28 34 0 hp1rockobad€HP=50€AP=12€Score=1create sign color=FFFFFF bcolor
1 1167871233 0 300 333 1800 0 0 0 3 27 34 0 hp1windigo€HP=50€AP=14€Score=2create sign color=FFFFFF bcolor
1 1171726514 0 300 333 1800 0 0 0 3 31 34 0 hp1swampert243€HP=49€AP=19€Score=1create sign color=FFFFFF bcolor
1 1167319745 0 300 333 1800 0 0 0 3 28 34 0 hp1monkey45€HP=50€AP=20€Score=0create sign color=FFFFFF bcolor
1 1166025924 0 300 333 1800 0 0 0 3 31 34 0 hp1earthmaster€HP=22€AP=20€Score=0create sign color=FFFFFF bcolor
1 1166025923 0 -50 0 300 0 0 0 5 47 42 0 cam05create rotate 0 3 0;activate camera target=usercreate visible no,name cam1a, rotate 0 4 0
1 1167501445 0 300 333 1800 0 0 0 3 28 34 0 hp1bubbas14€HP=20€AP=20€Score=2create sign color=FFFFFF bcolor
1 1169328349 0 500 0 0 0 0 0 3 23 48 0 hp1kidzrule is the winner!create sign color=FF0000 bcolor=888800,rotate 10
1 1166025924 622 275 18 1050 0 0 0 15 0 0 0 mz-m01-b-torch1
1 1166025924 568 260 299 0 0 0 3 0 0 0 210 cdccccbd00000000cdccccbdcdcccc3d00000000cdcccc3d00000000000000000000000000000000000000000000000000000000000000003f00000000000000006666a63f000000000000000000000000000000000000000000000000000000000000000000000000000000000000000000000000000000000000803fcdcc4c3e0000803fcdcc4c3e0000803f0000803f64000000640000000100e80300000000000064000000f4010000ffda0900e81111000000803f01010000070000000000000000000000000000635f736f66743100
1 1166025924 0 300 333 1800 0 0 0 3 29 34 0 hp1Andrew916€HP=11€AP=20€Score=0create sign color=FFFFFF bcolor
1 1166025924 0 300 333 1800 0 0 0 3 28 34 0 hp1sonic123€HP=15€AP=20€Score=0create sign color=FFFFFF bcolor
1 1166025924 0 300 333 1800 0 0 0 3 27 34 0 hp1sonic123€HP=22€AP=8€Score=1create sign color=FFFFFF bcolor
1 1167231045 0 300 333 1800 0 0 0 3 29 34 0 hp1Victor159€HP=50€AP=20€Score=0create sign color=FFFFFF bcolor
1 1167017464 0 300 333 1800 0 0 0 3 29 34 0 hp1plantnoid€HP=17€AP=18€Score=2create sign color=FFFFFF bcolor
1 1167172131 0 300 333 1800 0 0 0 3 29 34 0 hp1SeaWeedMan€HP=12€AP=9€Score=3create sign color=FFFFFF bcolor
1 1166025924 0 300 333 1800 0 0 0 3 28 34 0 hp1sonic123€HP=22€AP=20€Score=0create sign color=FFFFFF bcolor
1 1166025924 0 1050 0 0 0 0 0 5 0 69 0 lightcreate visible no, light radius=24 brightness=.8 fx=fire color=orange
1 1166025924 0 165 0 750 0 0 0 5 0 38 0 sign3create visible no,solid no,name arena1
1 1166025924 0 1700 0 2850 0 0 0 15 104 140 0 mz-m01-i-mblimpcreate media url=http://64.94.241.238:81/rock.avi res=256 fx=3d radius=20 radoff=200 loop=1000000 osd=oncreate rotate 0 .5 0, media url=http://objects.activeworlds.com/muffin/media/bomb.avi res=256 fx=3d radius=20 radoff=200 loop=1000000 osd=on
1 1166025924 622 335 18 0 0 0 3 0 0 0 210 8fc2f5bc000000008fc2f5bc8fc2f53c000000008fc2f53c000000000000000000000000000000003f000000000000000000000000cdcccc3d00000000000000000000003f000000000000000000000000000000000000000000000000000000000000000000000000000000000000000000000000000000000000803f0000003f0000803f0000003f0000803f0000803f64000000640000000100d007000000000000f4010000f401000000000000c0c0c000cdcccc3d00010000070000000000000000000000000000635f736f66743100
1 1170229912 0 300 333 1800 0 0 0 3 27 34 0 hp1Carlos07€HP=50€AP=8€Score=1create sign color=FFFFFF bcolor
1 1245710895 13 1600 1982 543 0 0 0 5 0 41 0 lightcreate corona c_star2 size=20,visible off
1 1245710883 124 1600 2000 543 0 0 0 5 0 41 0 lightcreate corona c_star2 size=20,visible off
1 1154549839 31 800 -5766 1800 0 0 0 5 0 47 0 sign3create visible no,light brightness=.3 radius=20
1 1245710915 45 1200 -1595 0 0 0 0 5 0 41 0 lightcreate corona c_star2 size=20,visible off
1 1245710913 203 1198 -1591 543 0 0 0 5 0 41 0 lightcreate corona c_star2 size=20,visible off
1 1161649223 0 300 -333 0 0 0 0 3 28 34 0 hp1cenafan7€HP=50€AP=20€Score=2create sign color=FFFFFF bcolor
1 1172887066 0 300 -333 0 0 0 0 3 29 34 0 hp1Inferno624€HP=26€AP=3€Score=3create sign color=FFFFFF bcolor
1 1171746907 0 300 -333 0 0 0 0 3 31 34 0 hp1swampert243€HP=50€AP=20€Score=0create sign color=FFFFFF bcolor
1 1162703806 0 300 -333 0 0 0 0 3 32 34 0 hp1soraalcantara€HP=50€AP=8€Score=1create sign color=FFFFFF bcolor
1 1162068660 0 300 -333 0 0 0 0 3 28 34 0 hp1sonic123€HP=29€AP=18€Score=1create sign color=FFFFFF bcolor
1 1167877723 0 300 -333 0 0 0 0 3 26 34 0 hp1windigo€HP=50€AP=8€Score=1create sign color=FFFFFF bcolor
1 1172423357 0 301 -427 0 0 0 0 3 34 34 0 hp1TheCreeper2007€HP=13€AP=20€Score=1create sign color=FFFFFF bcolor
1 1165792537 0 300 -333 0 0 0 0 3 29 34 0 hp1warrior98€HP=29€AP=20€Score=0create sign color=FFFFFF bcolor
1 1173646216 0 300 -333 0 0 0 0 3 24 34 0 hp1aran€HP=44€AP=17€Score=2create sign color=FFFFFF bcolor
1 1167362604 0 300 -333 0 0 0 0 3 29 34 0 hp1dazza1995€HP=50€AP=20€Score=0create sign color=FFFFFF bcolor
1 1174079435 0 300 -333 0 0 0 0 3 24 34 0 hp1andya€HP=35€AP=8€Score=1create sign color=FFFFFF bcolor
1 1163362449 0 300 -333 0 0 0 0 3 25 34 0 hp1calboy€HP=50€AP=8€Score=1create sign color=FFFFFF bcolor
1 1167501445 0 300 -333 0 0 0 0 3 33 34 0 hp1BillytheBrave€HP=20€AP=20€Score=2create sign color=FFFFFF bcolor
1 1167172131 0 300 -333 0 0 0 0 3 29 34 0 hp1HeatBlast98€HP=9€AP=6€Score=3create sign color=FFFFFF bcolor
1 1167165863 0 300 -333 0 0 0 0 3 28 34 0 hp1RockSock€HP=49€AP=14€Score=1create sign color=FFFFFF bcolor
1 1162066240 0 300 -333 0 0 0 0 3 27 34 0 hp1sonic123€HP=3€AP=20€Score=0create sign color=FFFFFF bcolor
1 1168132203 0 300 -333 0 0 0 0 3 28 34 0 hp1meek0218€HP=28€AP=20€Score=0create sign color=FFFFFF bcolor
1 1172018599 0 300 -333 0 0 0 0 3 31 34 0 hp1firehead123€HP=34€AP=20€Score=1create sign color=FFFFFF bcolor
1 1162066133 0 300 -333 0 0 0 0 3 27 34 0 hp1sonic123€HP=3€AP=12€Score=1create sign color=FFFFFF bcolor
1 1167950494 0 300 -333 0 0 0 0 3 29 34 0 hp1CrazyCJ23€HP=-1€AP=20€Score=5create sign color=FFFFFF bcolor
1 1171305000 0 300 -333 0 0 0 0 3 26 34 0 hp111chaos€HP=36€AP=3€Score=2create sign color=FFFFFF bcolor
1 1173999744 0 300 -333 0 0 0 0 3 29 34 0 hp1treedude9€HP=50€AP=20€Score=0create sign color=FFFFFF bcolor
1 1167402064 0 300 -333 0 0 0 0 3 30 34 0 hp1anthony316€HP=50€AP=20€Score=0create sign color=FFFFFF bcolor
1 1162332896 0 300 -333 0 0 0 0 3 27 34 0 hp1sonic123€HP=36€AP=9€Score=1create sign color=FFFFFF bcolor
1 1170162438 0 300 -333 0 0 0 0 3 30 34 0 hp1jimi212151€HP=50€AP=20€Score=0create sign color=FFFFFF bcolor
1 1173032636 0 300 -333 0 0 0 0 3 26 34 0 hp1sonic76€HP=36€AP=7€Score=2create sign color=FFFFFF bcolor
1 1162151640 0 300 -333 0 0 0 0 3 27 34 0 hp1sonic123€HP=50€AP=8€Score=1create sign color=FFFFFF bcolor
1 1167166107 0 300 -333 0 0 0 0 3 24 34 0 hp1nauja€HP=6€AP=20€Score=0create sign color=FFFFFF bcolor
1 1163123337 0 300 -333 0 0 0 0 3 32 34 0 hp1soraalcantara€HP=50€AP=8€Score=1create sign color=FFFFFF bcolor
1 1170944519 0 300 -333 0 0 0 0 3 23 34 0 hp1aran€HP=9€AP=15€Score=1create sign color=FFFFFF bcolor
1 1166387375 0 300 -333 0 0 0 0 3 27 34 0 hp1grovyle€HP=48€AP=17€Score=1create sign color=FFFFFF bcolor
1 1172263459 0 300 -333 0 0 0 0 3 25 34 0 hp1Zjrm5€HP=50€AP=19€Score=2create sign color=FFFFFF bcolor
1 1167319745 0 300 -333 0 0 0 0 3 25 34 0 hp1xmo30€HP=50€AP=20€Score=0create sign color=FFFFFF bcolor
1 1162047383 0 300 -333 0 0 0 0 3 28 34 0 hp1sonic123€HP=22€AP=20€Score=1create sign color=FFFFFF bcolor
1 1245710905 1963 1450 487 2411 0 0 0 5 0 48 0 lightcreate light radius=10 brightness=.3,visible off
1 1245710909 1987 1450 359 2411 0 0 0 5 0 41 0 lightcreate corona c_star2 size=20,visible off
1 1245710908 1955 1450 615 2411 0 0 0 5 0 41 0 lightcreate corona c_star2 size=20,visible off
1 1155697236 1072 200 1513 0 0 0 3 0 0 0 210 cdccccbd00000000cdccccbdcdcccc3d00000000cdcccc3d00000000000000000000000000000000000000000000000000000000000000003f00000000000000006666a63f000000000000000000000000000000000000000000000000000000000000000000000000000000000000000000000000000000000000803fcdcc4c3e0000803fcdcc4c3e0000803f0000803f64000000640000000100e80300000000000064000000f4010000ffda0900e81111000000803f01010000070000000000000000000000000000635f736f6674316c
1 1155697236 1072 200 1513 600 0 0 0 15 0 0 0 mz-m01-b-torch1
1 1155697236 1072 250 1513 0 0 0 3 0 0 0 210 8fc2f5bc000000008fc2f5bc8fc2f53c000000008fc2f53c000000000000000000000000000000003f000000000000000000000000cdcccc3d00000000000000000000003f000000000000000000000000000000000000000000000000000000000000000000000000000000000000000000000000000000000000803f0000003f0000803f0000003f0000803f0000803f64000000640000000100d007000000000000f4010000f401000000000000c0c0c000cdcc4c3e00010000070000000000000000000000000000635f736f6674316c
1 1155697223 2824 200 213 150 0 0 0 15 0 0 0 mz-m01-b-torch1
1 1155697223 2824 200 213 0 0 0 3 0 0 0 210 cdccccbd00000000cdccccbdcdcccc3d00000000cdcccc3d00000000000000000000000000000000000000000000000000000000000000003f00000000000000006666a63f000000000000000000000000000000000000000000000000000000000000000000000000000000000000000000000000000000000000803fcdcc4c3e0000803fcdcc4c3e0000803f0000803f64000000640000000100e80300000000000064000000f4010000ffda0900e81111000000803f01010000070000000000000000000000000000635f736f6674316c
1 1155697222 2824 250 213 0 0 0 3 0 0 0 210 8fc2f5bc000000008fc2f5bc8fc2f53c000000008fc2f53c000000000000000000000000000000003f000000000000000000000000cdcccc3d00000000000000000000003f000000000000000000000000000000000000000000000000000000000000000000000000000000000000000000000000000000000000803f0000003f0000803f0000003f0000803f0000803f64000000640000000100d007000000000000f4010000f401000000000000c0c0c000cdcccc3d00010000070000000000000000000000000000635f736f6674316c
1 1153948200 8450 3000 0 2700 0 0 4 15 0 0 47 mz-m01-i-mblimp00018001080000000000000000000000000a0a00006400000000000000000000050000000000000000626c696d7000
1 1153948404 9018 2920 -3050 0 0 0 3 0 0 0 215 cdccccbe00000000cdccccbecdcccc3e00000000cdcccc3e000000000000000000000000000000000000000000000000000000000000000000000000000000000000008040000000000000000000000000000000000000000000000000000000000000000000000000000000000000000000000000000000000000c040000040400000803fcdcccc3d000040400000803f64000000640000000100dc0500000000000064000000f4010000ffff0000ff0000009a99193f01210000070005000000000000000000000000635f736f667431626c696d7000
1 1154359273 14300 400 -2590 1070 0 0 0 5 28 48 0 sign3The players tied! No winner!create sign color=FF0000 bcolor=888800,rotate 10
1 1245710922 -2060 1350 -272 625 0 0 0 5 0 41 0 lightcreate corona c_star2 size=20,visible off
1 1245710921 -2021 1350 -417 625 0 0 0 5 0 48 0 lightcreate light radius=20 brightness=.3,visible off
1 1155697056 -1024 1025 1533 870 0 0 0 9 0 0 0 plntpose1
1 1245710919 -1982 1350 -562 625 0 0 0 5 0 41 0 lightcreate corona c_star2 size=20,visible off
1 1156544735 -24 -170 9 900 0 0 0 2 0 111 0 sbcreate media url=http://mion.activeworlds.com/objects/sounds/mz_monsterz_game01.mp3 fx=3d radius=50 loop=999999
1 1155696979 -384 1060 1518 2745 0 0 0 9 0 0 0 firepose1
1 1160674671 -974 1075 1536 0 0 0 3 0 0 0 212 00000000000000000000000000000000000000000000000000000000000000000000000000000000000000000000000000000000c10000000000000000000000c10000000000000000000000000000b44200000000000000000000b4420000b4430000000000000000000000000000000000000000000000000000803f0000803f0000803f000040400000404000004040c8000000c80000000100e80300000000000064000000f4010000f9ffae00f9ffae000000803f00010003090000000000000000000000000000705f7265656e74727900
1 1160674678 -384 1095 1518 0 0 0 3 0 0 0 216 000080bf0000000000000000000080bf0000000000000000000000000000000000000000000000000000000000000000000000f0c1000000c0000000c00000f0c10000004000000040000000000000000000000000000000000000000000000000000000000000000000000000000000000000000000000000cdcccc3dcdcccc3dcdcccc3d0000804000000040000080400a000000320000000100e80300000000000064000000f4010000f0ff3c00ffa620000000803f010100000d00000000000000000000000000007033323a6d33325f736674303200
1 1155698206 -250 1200 1950 0 0 0 0 15 0 29 0 mz-m01-b-torch1create corona c_star2 size=20
1 1245710897 -127 1600 2005 543 0 0 0 5 0 41 0 lightcreate corona c_star2 size=20,visible off
1 1155696722 -302 250 -2349 0 0 0 3 0 0 0 210 8fc2f5bc000000008fc2f5bc8fc2f53c000000008fc2f53c000000000000000000000000000000003f000000000000000000000000cdcccc3d00000000000000000000003f000000000000000000000000000000000000000000000000000000000000000000000000000000000000000000000000000000000000803f0000003f0000803f0000003f0000803f0000803f64000000640000000100d007000000000000f4010000f401000000000000c0c0c000cdcccc3d00010000070000000000000000000000000000635f736f6674316c
1 1155696722 -302 200 -2349 0 0 0 3 0 0 0 210 cdccccbd00000000cdccccbdcdcccc3d00000000cdcccc3d00000000000000000000000000000000000000000000000000000000000000003f00000000000000006666a63f000000000000000000000000000000000000000000000000000000000000000000000000000000000000000000000000000000000000803fcdcc4c3e0000803fcdcc4c3e0000803f0000803f64000000640000000100e80300000000000064000000f4010000ffda0900e81111000000803f01010000070000000000000000000000000000635f736f6674316c
1 1155696722 -302 200 -2349 1050 0 0 0 15 0 0 0 mz-m01-b-torch1