propdump version 4
1 1167423671 0 400 600 0 0 0 3 0 0 0 208 0000a0c10000e0400000a0c10000a0410000e0400000a0410000000000000000000000000000000000000000000000000000000000000000000000000000000000000000000000000000000000000000000000c8c100000000000000000000c841000000000000000000000000000000000000000000000000000000400000484200000040000080400000484200008040bc020000840300000100401f000000000000dc050000dc050000e8bb20004628d5000000803f01000002050000000000000000000000000000635f73756e00
1 1167422426 0 55 600 0 0 0 3 0 0 0 215 000070c100000000000070c1000070410000000000007041000000000000000000000000000000000000000000000000000000000000000000000000000000000000000000000000000000b44200000000000000000000b4420000000000000000000000000000000000000000000000000000000000000000000080400000804000008040000000410000004100000041e8030000e80300000500e803000000000000c800000032000000f507430036ba4a000000803f010000020c0000000000000000000000000000705f646973636f666c77723100
1 1167437671 0 5 2400 0 0 0 0 14 0 0 0 mz-b01-dncestr
1 1167411453 0 400 -300 0 0 0 0 8 0 48 0 lightsrccreate light radius=50 color=orange, visible off
1 1167426246 924 50 -751 3450 0 0 0 17 0 38 0 mz-b01-discspkr2acreate move .05 .05 -.05 time=.12 loop
1 1167410698 1250 700 50 0 0 0 3 0 0 0 208 000000c1000080c0000000c100000041000080400000004100000080bf000080bf000080bf0000803f0000803f0000803f000000000000000000000000000000000000000000000000000000000000000000000000000000000000000000000000000000000000000000000000000000000000000000000000cdcccc3dcdcccc3d0000803fcdcccc3dcdcccc3d0000803f64000000640000000100d007000000000000f4010000f4010000ffff0000ffff00000000803f01000001050000000000000000000000000000635f73756e00
1 1167410939 1200 1150 50 2850 0 0 0 19 0 0 0 mz-b01-discobll.rwx
1 1167411301 1750 750 650 0 0 0 0 8 0 83 0 lightsrccreate light radius=80 fx=pulse color=yellow, move -30 0 0 time=5 loop, visible off
1 1167426322 2316 50 2099 2100 0 0 0 17 0 38 0 mz-b01-discspkr2bcreate move .05 .05 -.05 time=.12 loop
1 1167426307 -2308 50 2248 1350 0 0 0 17 0 37 0 mz-b01-discspkr1acreate move -.05 .05 .05 time=.1 loop
1 1167410942 -1250 1150 50 3450 0 0 0 19 0 0 0 mz-b01-discobll.rwx
1 1167410685 -1250 700 50 0 0 0 3 0 0 0 208 000000c1000080c0000000c100000041000080400000004100000080bf000080bf000080bf0000803f0000803f0000803f000000000000000000000000000000000000000000000000000000000000000000000000000000000000000000000000000000000000000000000000000000000000000000000000cdcccc3dcdcccc3d0000803fcdcccc3dcdcccc3d0000803f64000000640000000100d007000000000000f4010000f4010000ffff0000ffff00000000803f01000001050000000000000000000000000000635f73756e00
1 1167423572 -200 750 50 0 0 0 0 5 0 69 0 cam20create light radius=40 fx=pulse color=red, rotate 0 10 0, visible off
1 1167423529 -200 750 50 0 300 0 0 5 0 71 0 cam20create light radius=40 fx=pulse color=yellow, rotate 0 30 0,visible off
0 1169848639 -50 -550 1150 0 0 0 0 2 0 127 0 sbcreate media url=http://www.bratz.com/miuchizobjects/sounds/Bigbabyzinstrumenta32k.mp3 fx=3d radius=200 loop=99999, visible off
1 1167426251 -894 50 -711 150 0 0 0 17 0 37 0 mz-b01-discspkr2bcreate move -.05 .05 .05 time=.1 loop